[
  [
    0.0203,
    [
      0.0,
      0.0,
      0.091
    ],
    [
      [
        1.0000000000000002,
        1.2060416625018979e-16,
        2.1265768495757728e-17
      ],
      [
        1.2246467991473535e-16,
        -0.9848077530122081,
        -0.17364817766693044
      ],
      [
        3.0814879110195774e-33,
        0.17364817766693044,
        -0.9848077530122081
      ]
    ],
    [
      -3.1898652743636593e-18,
      0.026047226650039567,
      0.2387211629518312
    ],
    [
      [
        1.0000000000000002,
        1.2060416625018979e-16,
        2.1265768495757728e-17
      ],
      [
        1.2246467991473535e-16,
        -0.9848077530122081,
        -0.17364817766693044
      ],
      [
        3.0814879110195774e-33,
        0.17364817766693044,
        -0.9848077530122081
      ]
    ]
  ],
  [
    0.0203,
    [
      0.0,
      0.0,
      0.091
    ],
    [
      [
        0.9781476007338058,
        0.20475304505920647,
        0.03610348622615418
      ],
      [
        0.20791169081775931,
        -0.9632873407929416,
        -0.16985354835670563
      ],
      [
        6.938893903907228e-18,
        0.17364817766693044,
        -0.9848077530122081
      ]
    ],
    [
      -0.005415522933923127,
      0.025478032253505842,
      0.2387211629518312
    ],
    [
      [
        0.9781476007338058,
        0.20475304505920647,
        0.03610348622615418
      ],
      [
        0.20791169081775931,
        -0.9632873407929416,
        -0.16985354835670563
      ],
      [
        6.938893903907228e-18,
        0.17364817766693044,
        -0.9848077530122081
      ]
    ]
  ],
  [
    0.0203,
    [
      0.0,
      0.0,
      0.091
    ],
    [
      [
        0.913545457642601,
        0.4005573995352071,
        0.0706290768604774
      ],
      [
        0.4067366430758,
        -0.8996666494155192,
        -0.15863550393553968
      ],
      [
        0.0,
        0.17364817766693044,
        -0.984807753012208
      ]
    ],
    [
      -0.01059436152907161,
      0.023795325590330953,
      0.23872116295183118
    ],
    [
      [
        0.913545457642601,
        0.4005573995352071,
        0.0706290768604774
      ],
      [
        0.4067366430758,
        -0.8996666494155192,
        -0.15863550393553968
      ],
      [
        0.0,
        0.17364817766693044,
        -0.984807753012208
      ]
    ]
  ],
  [
    0.0203,
    [
      0.0,
      0.0,
      0.091
    ],
    [
      [
        0.8090169943749478,
        0.5788554735638641,
        0.10206783792008488
      ],
      [
        0.587785252292473,
        -0.7967262083790824,
        -0.14048432677478698
      ],
      [
        -1.3877787807814457e-17,
        0.17364817766693044,
        -0.9848077530122081
      ]
    ],
    [
      -0.01531017568801273,
      0.021072649016218047,
      0.2387211629518312
    ],
    [
      [
        0.8090169943749478,
        0.5788554735638641,
        0.10206783792008488
      ],
      [
        0.587785252292473,
        -0.7967262083790824,
        -0.14048432677478698
      ],
      [
        -1.3877787807814457e-17,
        0.17364817766693044,
        -0.9848077530122081
      ]
    ]
  ],
  [
    0.0203,
    [
      0.0,
      0.0,
      0.091
    ],
    [
      [
        0.6691306063588585,
        0.7318547857410418,
        0.12904574468675853
      ],
      [
        0.7431448254773939,
        -0.6589650089199637,
        -0.11619331041538396
      ],
      [
        1.3877787807814457e-17,
        0.17364817766693044,
        -0.9848077530122081
      ]
    ],
    [
      -0.01935686170301378,
      0.01742899656230759,
      0.2387211629518312
    ],
    [
      [
        0.6691306063588585,
        0.7318547857410418,
        0.12904574468675853
      ],
      [
        0.7431448254773939,
        -0.6589650089199637,
        -0.11619331041538396
      ],
      [
        1.3877787807814457e-17,
        0.17364817766693044,
        -0.9848077530122081
      ]
    ]
  ],
  [
    0.0203,
    [
      0.0,
      0.0,
      0.091
    ],
    [
      [
        0.5000000000000007,
        0.8528685319524428,
        0.15038373318043533
      ],
      [
        0.8660254037844383,
        -0.4924038765061046,
        -0.08682408883346533
      ],
      [
        0.0,
        0.17364817766693041,
        -0.9848077530122081
      ]
    ],
    [
      -0.022557559977065298,
      0.013023613325019799,
      0.2387211629518312
    ],
    [
      [
        0.5000000000000007,
        0.8528685319524428,
        0.15038373318043533
      ],
      [
        0.8660254037844383,
        -0.4924038765061046,
        -0.08682408883346533
      ],
      [
        0.0,
        0.17364817766693041,
        -0.9848077530122081
      ]
    ]
  ],
  [
    0.0203,
    [
      0.0,
      0.0,
      0.091
    ],
    [
      [
        0.30901699437494834,
        0.9366078308002485,
        0.1651492309129127
      ],
      [
        0.9510565162951535,
        -0.30432233187297897,
        -0.05366023794132187
      ],
      [
        -6.938893903907228e-18,
        0.17364817766693044,
        -0.9848077530122081
      ]
    ],
    [
      -0.024772384636936904,
      0.00804903569119828,
      0.2387211629518312
    ],
    [
      [
        0.30901699437494834,
        0.9366078308002485,
        0.1651492309129127
      ],
      [
        0.9510565162951535,
        -0.30432233187297897,
        -0.05366023794132187
      ],
      [
        -6.938893903907228e-18,
        0.17364817766693044,
        -0.9848077530122081
      ]
    ]
  ],
  [
    0.0203,
    [
      0.0,
      0.0,
      0.091
    ],
    [
      [
        0.10452846326765455,
        0.9794128730990714,
        0.17269691478056234
      ],
      [
        0.9945218953682733,
        -0.102940441036438,
        -0.01815117716075289
      ],
      [
        0.0,
        0.17364817766693041,
        -0.9848077530122081
      ]
    ],
    [
      -0.025904537217084352,
      0.0027226765741129337,
      0.2387211629518312
    ],
    [
      [
        0.10452846326765455,
        0.9794128730990714,
        0.17269691478056234
      ],
      [
        0.9945218953682733,
        -0.102940441036438,
        -0.01815117716075289
      ],
      [
        0.0,
        0.17364817766693041,
        -0.9848077530122081
      ]
    ]
  ],
  [
    0.0203,
    [
      0.0,
      0.0,
      0.091
    ],
    [
      [
        -0.10452846326765222,
        0.9794128730990717,
        0.17269691478056234
      ],
      [
        0.9945218953682735,
        0.1029404410364357,
        0.018151177160752482
      ],
      [
        0.0,
        0.17364817766693044,
        -0.9848077530122081
      ]
    ],
    [
      -0.025904537217084352,
      -0.002722676574112872,
      0.2387211629518312
    ],
    [
      [
        -0.10452846326765222,
        0.9794128730990717,
        0.17269691478056234
      ],
      [
        0.9945218953682735,
        0.1029404410364357,
        0.018151177160752482
      ],
      [
        0.0,
        0.17364817766693044,
        -0.9848077530122081
      ]
    ]
  ],
  [
    0.0203,
    [
      0.0,
      0.0,
      0.091
    ],
    [
      [
        -0.3090169943749462,
        0.936607830800249,
        0.16514923091291284
      ],
      [
        0.9510565162951541,
        0.30432233187297686,
        0.05366023794132149
      ],
      [
        0.0,
        0.17364817766693044,
        -0.9848077530122081
      ]
    ],
    [
      -0.024772384636936925,
      -0.008049035691198223,
      0.2387211629518312
    ],
    [
      [
        -0.3090169943749462,
        0.936607830800249,
        0.16514923091291284
      ],
      [
        0.9510565162951541,
        0.30432233187297686,
        0.05366023794132149
      ],
      [
        0.0,
        0.17364817766693044,
        -0.9848077530122081
      ]
    ]
  ],
  [
    0.0203,
    [
      0.0,
      0.0,
      0.091
    ],
    [
      [
        -0.4999999999999987,
        0.852868531952444,
        0.15038373318043552
      ],
      [
        0.8660254037844396,
        0.49240387650610273,
        0.08682408883346499
      ],
      [
        -1.3877787807814457e-17,
        0.17364817766693044,
        -0.9848077530122081
      ]
    ],
    [
      -0.022557559977065326,
      -0.013023613325019747,
      0.2387211629518312
    ],
    [
      [
        -0.4999999999999987,
        0.852868531952444,
        0.15038373318043552
      ],
      [
        0.8660254037844396,
        0.49240387650610273,
        0.08682408883346499
      ],
      [
        -1.3877787807814457e-17,
        0.17364817766693044,
        -0.9848077530122081
      ]
    ]
  ],
  [
    0.0203,
    [
      0.0,
      0.0,
      0.091
    ],
    [
      [
        -0.6691306063588571,
        0.7318547857410432,
        0.12904574468675875
      ],
      [
        0.7431448254773954,
        0.6589650089199622,
        0.1161933104153837
      ],
      [
        1.3877787807814457e-17,
        0.17364817766693047,
        -0.9848077530122081
      ]
    ],
    [
      -0.019356861703013813,
      -0.017428996562307553,
      0.2387211629518312
    ],
    [
      [
        -0.6691306063588571,
        0.7318547857410432,
        0.12904574468675875
      ],
      [
        0.7431448254773954,
        0.6589650089199622,
        0.1161933104153837
      ],
      [
        1.3877787807814457e-17,
        0.17364817766693047,
        -0.9848077530122081
      ]
    ]
  ],
  [
    0.0203,
    [
      0.0,
      0.0,
      0.091
    ],
    [
      [
        -0.8090169943749465,
        0.5788554735638657,
        0.10206783792008517
      ],
      [
        0.5877852522924746,
        0.7967262083790811,
        0.14048432677478676
      ],
      [
        -1.3877787807814457e-17,
        0.17364817766693044,
        -0.9848077530122081
      ]
    ],
    [
      -0.015310175688012774,
      -0.021072649016218012,
      0.2387211629518312
    ],
    [
      [
        -0.8090169943749465,
        0.5788554735638657,
        0.10206783792008517
      ],
      [
        0.5877852522924746,
        0.7967262083790811,
        0.14048432677478676
      ],
      [
        -1.3877787807814457e-17,
        0.17364817766693044,
        -0.9848077530122081
      ]
    ]
  ],
  [
    0.0203,
    [
      0.0,
      0.0,
      0.091
    ],
    [
      [
        -0.9135454576426002,
        0.40055739953520897,
        0.07062907686047773
      ],
      [
        0.406736643075802,
        0.8996666494155183,
        0.15863550393553952
      ],
      [
        0.0,
        0.17364817766693044,
        -0.9848077530122081
      ]
    ],
    [
      -0.01059436152907166,
      -0.023795325590330926,
      0.2387211629518312
    ],
    [
      [
        -0.9135454576426002,
        0.40055739953520897,
        0.07062907686047773
      ],
      [
        0.406736643075802,
        0.8996666494155183,
        0.15863550393553952
      ],
      [
        0.0,
        0.17364817766693044,
        -0.9848077530122081
      ]
    ]
  ],
  [
    0.0203,
    [
      0.0,
      0.0,
      0.091
    ],
    [
      [
        -0.9781476007338054,
        0.2047530450592085,
        0.03610348622615454
      ],
      [
        0.20791169081776137,
        0.9632873407929412,
        0.16985354835670557
      ],
      [
        0.0,
        0.17364817766693044,
        -0.9848077530122081
      ]
    ],
    [
      -0.00541552293392318,
      -0.025478032253505836,
      0.2387211629518312
    ],
    [
      [
        -0.9781476007338054,
        0.2047530450592085,
        0.03610348622615454
      ],
      [
        0.20791169081776137,
        0.9632873407929412,
        0.16985354835670557
      ],
      [
        0.0,
        0.17364817766693044,
        -0.9848077530122081
      ]
    ]
  ],
  [
    0.0203,
    [
      0.0,
      0.0,
      0.091
    ],
    [
      [
        -1.0000000000000002,
        2.1867124844470357e-15,
        3.855764100600522e-16
      ],
      [
        2.2204460492503135e-15,
        0.9848077530122081,
        0.17364817766693044
      ],
      [
        -4.930380657631324e-32,
        0.17364817766693044,
        -0.9848077530122081
      ]
    ],
    [
      -5.783646150900783e-17,
      -0.026047226650039567,
      0.2387211629518312
    ],
    [
      [
        -1.0000000000000002,
        2.1867124844470357e-15,
        3.855764100600522e-16
      ],
      [
        2.2204460492503135e-15,
        0.9848077530122081,
        0.17364817766693044
      ],
      [
        -4.930380657631324e-32,
        0.17364817766693044,
        -0.9848077530122081
      ]
    ]
  ],
  [
    0.0203,
    [
      0.0,
      0.0,
      0.091
    ],
    [
      [
        -0.9781476007338062,
        -0.20475304505920425,
        -0.03610348622615379
      ],
      [
        -0.20791169081775707,
        0.9632873407929421,
        0.16985354835670574
      ],
      [
        -6.938893903907228e-18,
        0.17364817766693044,
        -0.984807753012208
      ]
    ],
    [
      0.005415522933923068,
      -0.02547803225350586,
      0.23872116295183118
    ],
    [
      [
        -0.9781476007338062,
        -0.20475304505920425,
        -0.03610348622615379
      ],
      [
        -0.20791169081775707,
        0.9632873407929421,
        0.16985354835670574
      ],
      [
        -6.938893903907228e-18,
        0.17364817766693044,
        -0.984807753012208
      ]
    ]
  ],
  [
    0.0203,
    [
      0.0,
      0.0,
      0.091
    ],
    [
      [
        -0.913545457642602,
        -0.400557399535205,
        -0.07062907686047702
      ],
      [
        -0.406736643075798,
        0.8996666494155201,
        0.15863550393553982
      ],
      [
        -1.3877787807814457e-17,
        0.17364817766693044,
        -0.9848077530122081
      ]
    ],
    [
      0.010594361529071552,
      -0.023795325590330974,
      0.2387211629518312
    ],
    [
      [
        -0.913545457642602,
        -0.400557399535205,
        -0.07062907686047702
      ],
      [
        -0.406736643075798,
        0.8996666494155201,
        0.15863550393553982
      ],
      [
        -1.3877787807814457e-17,
        0.17364817766693044,
        -0.9848077530122081
      ]
    ]
  ],
  [
    0.0203,
    [
      0.0,
      0.0,
      0.091
    ],
    [
      [
        -0.8090169943749492,
        -0.5788554735638621,
        -0.10206783792008453
      ],
      [
        -0.587785252292471,
        0.7967262083790838,
        0.14048432677478723
      ],
      [
        0.0,
        0.17364817766693044,
        -0.9848077530122081
      ]
    ],
    [
      0.015310175688012679,
      -0.021072649016218085,
      0.2387211629518312
    ],
    [
      [
        -0.8090169943749492,
        -0.5788554735638621,
        -0.10206783792008453
      ],
      [
        -0.587785252292471,
        0.7967262083790838,
        0.14048432677478723
      ],
      [
        0.0,
        0.17364817766693044,
        -0.9848077530122081
      ]
    ]
  ],
  [
    0.0203,
    [
      0.0,
      0.0,
      0.091
    ],
    [
      [
        -0.6691306063588603,
        -0.7318547857410402,
        -0.12904574468675825
      ],
      [
        -0.7431448254773925,
        0.6589650089199655,
        0.11619331041538426
      ],
      [
        0.0,
        0.17364817766693044,
        -0.9848077530122081
      ]
    ],
    [
      0.019356861703013737,
      -0.01742899656230764,
      0.2387211629518312
    ],
    [
      [
        -0.6691306063588603,
        -0.7318547857410402,
        -0.12904574468675825
      ],
      [
        -0.7431448254773925,
        0.6589650089199655,
        0.11619331041538426
      ],
      [
        0.0,
        0.17364817766693044,
        -0.9848077530122081
      ]
    ]
  ],
  [
    0.0203,
    [
      0.0,
      0.0,
      0.091
    ],
    [
      [
        -0.5000000000000027,
        -0.8528685319524418,
        -0.15038373318043513
      ],
      [
        -0.8660254037844374,
        0.4924038765061066,
        0.08682408883346568
      ],
      [
        0.0,
        0.17364817766693044,
        -0.9848077530122081
      ]
    ],
    [
      0.02255755997706527,
      -0.013023613325019851,
      0.2387211629518312
    ],
    [
      [
        -0.5000000000000027,
        -0.8528685319524418,
        -0.15038373318043513
      ],
      [
        -0.8660254037844374,
        0.4924038765061066,
        0.08682408883346568
      ],
      [
        0.0,
        0.17364817766693044,
        -0.9848077530122081
      ]
    ]
  ],
  [
    0.0203,
    [
      0.0,
      0.0,
      0.091
    ],
    [
      [
        -0.30901699437495084,
        -0.9366078308002476,
        -0.16514923091291256
      ],
      [
        -0.9510565162951526,
        0.3043223318729814,
        0.053660237941322304
      ],
      [
        -6.938893903907228e-18,
        0.17364817766693044,
        -0.9848077530122081
      ]
    ],
    [
      0.024772384636936883,
      -0.008049035691198345,
      0.2387211629518312
    ],
    [
      [
        -0.30901699437495084,
        -0.9366078308002476,
        -0.16514923091291256
      ],
      [
        -0.9510565162951526,
        0.3043223318729814,
        0.053660237941322304
      ],
      [
        -6.938893903907228e-18,
        0.17364817766693044,
        -0.9848077530122081
      ]
    ]
  ],
  [
    0.0203,
    [
      0.0,
      0.0,
      0.091
    ],
    [
      [
        -0.10452846326765676,
        -0.9794128730990712,
        -0.1726969147805623
      ],
      [
        -0.9945218953682731,
        0.10294044103644016,
        0.018151177160753273
      ],
      [
        0.0,
        0.17364817766693044,
        -0.9848077530122081
      ]
    ],
    [
      0.025904537217084342,
      -0.002722676574112991,
      0.2387211629518312
    ],
    [
      [
        -0.10452846326765676,
        -0.9794128730990712,
        -0.1726969147805623
      ],
      [
        -0.9945218953682731,
        0.10294044103644016,
        0.018151177160753273
      ],
      [
        0.0,
        0.17364817766693044,
        -0.9848077530122081
      ]
    ]
  ],
  [
    0.0203,
    [
      0.0,
      0.0,
      0.091
    ],
    [
      [
        0.10452846326765043,
        -0.9794128730990719,
        -0.1726969147805624
      ],
      [
        -0.9945218953682737,
        -0.10294044103643393,
        -0.018151177160752173
      ],
      [
        0.0,
        0.17364817766693044,
        -0.9848077530122081
      ]
    ],
    [
      0.02590453721708436,
      0.0027226765741128257,
      0.2387211629518312
    ],
    [
      [
        0.10452846326765043,
        -0.9794128730990719,
        -0.1726969147805624
      ],
      [
        -0.9945218953682737,
        -0.10294044103643393,
        -0.018151177160752173
      ],
      [
        0.0,
        0.17364817766693044,
        -0.9848077530122081
      ]
    ]
  ],
  [
    0.0203,
    [
      0.0,
      0.0,
      0.091
    ],
    [
      [
        0.309016994374944,
        -0.9366078308002498,
        -0.16514923091291295
      ],
      [
        -0.9510565162951549,
        -0.3043223318729747,
        -0.05366023794132112
      ],
      [
        6.938893903907228e-18,
        0.17364817766693044,
        -0.9848077530122081
      ]
    ],
    [
      0.024772384636936942,
      0.008049035691198168,
      0.2387211629518312
    ],
    [
      [
        0.309016994374944,
        -0.9366078308002498,
        -0.16514923091291295
      ],
      [
        -0.9510565162951549,
        -0.3043223318729747,
        -0.05366023794132112
      ],
      [
        6.938893903907228e-18,
        0.17364817766693044,
        -0.9848077530122081
      ]
    ]
  ],
  [
    0.0203,
    [
      0.0,
      0.0,
      0.091
    ],
    [
      [
        0.49999999999999656,
        -0.8528685319524453,
        -0.15038373318043574
      ],
      [
        -0.8660254037844408,
        -0.49240387650610057,
        -0.08682408883346461
      ],
      [
        0.0,
        0.17364817766693044,
        -0.9848077530122081
      ]
    ],
    [
      0.02255755997706536,
      0.013023613325019692,
      0.2387211629518312
    ],
    [
      [
        0.49999999999999656,
        -0.8528685319524453,
        -0.15038373318043574
      ],
      [
        -0.8660254037844408,
        -0.49240387650610057,
        -0.08682408883346461
      ],
      [
        0.0,
        0.17364817766693044,
        -0.9848077530122081
      ]
    ]
  ],
  [
    0.0203,
    [
      0.0,
      0.0,
      0.091
    ],
    [
      [
        0.6691306063588555,
        -0.7318547857410447,
        -0.12904574468675903
      ],
      [
        -0.7431448254773969,
        -0.6589650089199607,
        -0.11619331041538342
      ],
      [
        -1.3877787807814457e-17,
        0.17364817766693044,
        -0.9848077530122081
      ]
    ],
    [
      0.019356861703013855,
      0.017428996562307512,
      0.2387211629518312
    ],
    [
      [
        0.6691306063588555,
        -0.7318547857410447,
        -0.12904574468675903
      ],
      [
        -0.7431448254773969,
        -0.6589650089199607,
        -0.11619331041538342
      ],
      [
        -1.3877787807814457e-17,
        0.17364817766693044,
        -0.9848077530122081
      ]
    ]
  ],
  [
    0.0203,
    [
      0.0,
      0.0,
      0.091
    ],
    [
      [
        0.8090169943749453,
        -0.5788554735638672,
        -0.10206783792008545
      ],
      [
        -0.5877852522924762,
        -0.79672620837908,
        -0.14048432677478656
      ],
      [
        -1.3877787807814457e-17,
        0.17364817766693044,
        -0.9848077530122081
      ]
    ],
    [
      0.015310175688012816,
      0.021072649016217984,
      0.2387211629518312
    ],
    [
      [
        0.8090169943749453,
        -0.5788554735638672,
        -0.10206783792008545
      ],
      [
        -0.5877852522924762,
        -0.79672620837908,
        -0.14048432677478656
      ],
      [
        -1.3877787807814457e-17,
        0.17364817766693044,
        -0.9848077530122081
      ]
    ]
  ],
  [
    0.0203,
    [
      0.0,
      0.0,
      0.091
    ],
    [
      [
        0.9135454576425993,
        -0.4005573995352111,
        -0.0706290768604781
      ],
      [
        -0.4067366430758041,
        -0.8996666494155174,
        -0.15863550393553935
      ],
      [
        0.0,
        0.17364817766693044,
        -0.9848077530122081
      ]
    ],
    [
      0.010594361529071715,
      0.0237953255903309,
      0.2387211629518312
    ],
    [
      [
        0.9135454576425993,
        -0.4005573995352111,
        -0.0706290768604781
      ],
      [
        -0.4067366430758041,
        -0.8996666494155174,
        -0.15863550393553935
      ],
      [
        0.0,
        0.17364817766693044,
        -0.9848077530122081
      ]
    ]
  ],
  [
    0.0203,
    [
      0.0,
      0.0,
      0.091
    ],
    [
      [
        0.9781476007338048,
        -0.20475304505921121,
        -0.03610348622615501
      ],
      [
        -0.20791169081776414,
        -0.9632873407929406,
        -0.16985354835670544
      ],
      [
        0.0,
        0.17364817766693044,
        -0.9848077530122081
      ]
    ],
    [
      0.005415522933923251,
      0.025478032253505815,
      0.2387211629518312
    ],
    [
      [
        0.9781476007338048,
        -0.20475304505921121,
        -0.03610348622615501
      ],
      [
        -0.20791169081776414,
        -0.9632873407929406,
        -0.16985354835670544
      ],
      [
        0.0,
        0.17364817766693044,
        -0.9848077530122081
      ]
    ]
  ],
  [
    0.0203,
    [
      0.0,
      0.0,
      0.091
    ],
    [
      [
        -1.0000000000000002,
        -1.2060416625018979e-16,
        2.1265768495757728e-17
      ],
      [
        -1.2246467991473535e-16,
        0.9848077530122081,
        -0.17364817766693044
      ],
      [
        -3.0814879110195774e-33,
        -0.17364817766693044,
        -0.9848077530122081
      ]
    ],
    [
      -3.1898652743636593e-18,
      0.026047226650039567,
      0.2387211629518312
    ],
    [
      [
        -1.0000000000000002,
        -1.2060416625018979e-16,
        2.1265768495757728e-17
      ],
      [
        -1.2246467991473535e-16,
        0.9848077530122081,
        -0.17364817766693044
      ],
      [
        -3.0814879110195774e-33,
        -0.17364817766693044,
        -0.9848077530122081
      ]
    ]
  ],
  [
    0.0203,
    [
      0.0,
      0.0,
      0.091
    ],
    [
      [
        -0.9781476007338058,
        -0.20475304505920647,
        0.03610348622615418
      ],
      [
        -0.20791169081775931,
        0.9632873407929416,
        -0.16985354835670563
      ],
      [
        -6.938893903907228e-18,
        -0.17364817766693044,
        -0.9848077530122081
      ]
    ],
    [
      -0.005415522933923127,
      0.025478032253505842,
      0.2387211629518312
    ],
    [
      [
        -0.9781476007338058,
        -0.20475304505920647,
        0.03610348622615418
      ],
      [
        -0.20791169081775931,
        0.9632873407929416,
        -0.16985354835670563
      ],
      [
        -6.938893903907228e-18,
        -0.17364817766693044,
        -0.9848077530122081
      ]
    ]
  ],
  [
    0.0203,
    [
      0.0,
      0.0,
      0.091
    ],
    [
      [
        -0.913545457642601,
        -0.4005573995352071,
        0.0706290768604774
      ],
      [
        -0.4067366430758,
        0.8996666494155192,
        -0.15863550393553968
      ],
      [
        0.0,
        -0.17364817766693044,
        -0.984807753012208
      ]
    ],
    [
      -0.01059436152907161,
      0.023795325590330953,
      0.23872116295183118
    ],
    [
      [
        -0.913545457642601,
        -0.4005573995352071,
        0.0706290768604774
      ],
      [
        -0.4067366430758,
        0.8996666494155192,
        -0.15863550393553968
      ],
      [
        0.0,
        -0.17364817766693044,
        -0.984807753012208
      ]
    ]
  ],
  [
    0.0203,
    [
      0.0,
      0.0,
      0.091
    ],
    [
      [
        -0.8090169943749478,
        -0.5788554735638641,
        0.10206783792008488
      ],
      [
        -0.587785252292473,
        0.7967262083790824,
        -0.14048432677478698
      ],
      [
        1.3877787807814457e-17,
        -0.17364817766693044,
        -0.9848077530122081
      ]
    ],
    [
      -0.01531017568801273,
      0.021072649016218047,
      0.2387211629518312
    ],
    [
      [
        -0.8090169943749478,
        -0.5788554735638641,
        0.10206783792008488
      ],
      [
        -0.587785252292473,
        0.7967262083790824,
        -0.14048432677478698
      ],
      [
        1.3877787807814457e-17,
        -0.17364817766693044,
        -0.9848077530122081
      ]
    ]
  ],
  [
    0.0203,
    [
      0.0,
      0.0,
      0.091
    ],
    [
      [
        -0.6691306063588585,
        -0.7318547857410418,
        0.12904574468675853
      ],
      [
        -0.7431448254773939,
        0.6589650089199637,
        -0.11619331041538396
      ],
      [
        -1.3877787807814457e-17,
        -0.17364817766693044,
        -0.9848077530122081
      ]
    ],
    [
      -0.01935686170301378,
      0.01742899656230759,
      0.2387211629518312
    ],
    [
      [
        -0.6691306063588585,
        -0.7318547857410418,
        0.12904574468675853
      ],
      [
        -0.7431448254773939,
        0.6589650089199637,
        -0.11619331041538396
      ],
      [
        -1.3877787807814457e-17,
        -0.17364817766693044,
        -0.9848077530122081
      ]
    ]
  ],
  [
    0.0203,
    [
      0.0,
      0.0,
      0.091
    ],
    [
      [
        -0.5000000000000007,
        -0.8528685319524428,
        0.15038373318043533
      ],
      [
        -0.8660254037844383,
        0.4924038765061046,
        -0.08682408883346533
      ],
      [
        0.0,
        -0.17364817766693041,
        -0.9848077530122081
      ]
    ],
    [
      -0.022557559977065298,
      0.013023613325019799,
      0.2387211629518312
    ],
    [
      [
        -0.5000000000000007,
        -0.8528685319524428,
        0.15038373318043533
      ],
      [
        -0.8660254037844383,
        0.4924038765061046,
        -0.08682408883346533
      ],
      [
        0.0,
        -0.17364817766693041,
        -0.9848077530122081
      ]
    ]
  ],
  [
    0.0203,
    [
      0.0,
      0.0,
      0.091
    ],
    [
      [
        -0.30901699437494834,
        -0.9366078308002485,
        0.1651492309129127
      ],
      [
        -0.9510565162951535,
        0.30432233187297897,
        -0.05366023794132187
      ],
      [
        6.938893903907228e-18,
        -0.17364817766693044,
        -0.9848077530122081
      ]
    ],
    [
      -0.024772384636936904,
      0.00804903569119828,
      0.2387211629518312
    ],
    [
      [
        -0.30901699437494834,
        -0.9366078308002485,
        0.1651492309129127
      ],
      [
        -0.9510565162951535,
        0.30432233187297897,
        -0.05366023794132187
      ],
      [
        6.938893903907228e-18,
        -0.17364817766693044,
        -0.9848077530122081
      ]
    ]
  ],
  [
    0.0203,
    [
      0.0,
      0.0,
      0.091
    ],
    [
      [
        -0.10452846326765455,
        -0.9794128730990714,
        0.17269691478056234
      ],
      [
        -0.9945218953682733,
        0.102940441036438,
        -0.01815117716075289
      ],
      [
        0.0,
        -0.17364817766693041,
        -0.9848077530122081
      ]
    ],
    [
      -0.025904537217084352,
      0.0027226765741129337,
      0.2387211629518312
    ],
    [
      [
        -0.10452846326765455,
        -0.9794128730990714,
        0.17269691478056234
      ],
      [
        -0.9945218953682733,
        0.102940441036438,
        -0.01815117716075289
      ],
      [
        0.0,
        -0.17364817766693041,
        -0.9848077530122081
      ]
    ]
  ],
  [
    0.0203,
    [
      0.0,
      0.0,
      0.091
    ],
    [
      [
        0.10452846326765222,
        -0.9794128730990717,
        0.17269691478056234
      ],
      [
        -0.9945218953682735,
        -0.1029404410364357,
        0.018151177160752482
      ],
      [
        0.0,
        -0.17364817766693044,
        -0.9848077530122081
      ]
    ],
    [
      -0.025904537217084352,
      -0.002722676574112872,
      0.2387211629518312
    ],
    [
      [
        0.10452846326765222,
        -0.9794128730990717,
        0.17269691478056234
      ],
      [
        -0.9945218953682735,
        -0.1029404410364357,
        0.018151177160752482
      ],
      [
        0.0,
        -0.17364817766693044,
        -0.9848077530122081
      ]
    ]
  ],
  [
    0.0203,
    [
      0.0,
      0.0,
      0.091
    ],
    [
      [
        0.3090169943749462,
        -0.936607830800249,
        0.16514923091291284
      ],
      [
        -0.9510565162951541,
        -0.30432233187297686,
        0.05366023794132149
      ],
      [
        0.0,
        -0.17364817766693044,
        -0.9848077530122081
      ]
    ],
    [
      -0.024772384636936925,
      -0.008049035691198223,
      0.2387211629518312
    ],
    [
      [
        0.3090169943749462,
        -0.936607830800249,
        0.16514923091291284
      ],
      [
        -0.9510565162951541,
        -0.30432233187297686,
        0.05366023794132149
      ],
      [
        0.0,
        -0.17364817766693044,
        -0.9848077530122081
      ]
    ]
  ],
  [
    0.0203,
    [
      0.0,
      0.0,
      0.091
    ],
    [
      [
        0.4999999999999987,
        -0.852868531952444,
        0.15038373318043552
      ],
      [
        -0.8660254037844396,
        -0.49240387650610273,
        0.08682408883346499
      ],
      [
        1.3877787807814457e-17,
        -0.17364817766693044,
        -0.9848077530122081
      ]
    ],
    [
      -0.022557559977065326,
      -0.013023613325019747,
      0.2387211629518312
    ],
    [
      [
        0.4999999999999987,
        -0.852868531952444,
        0.15038373318043552
      ],
      [
        -0.8660254037844396,
        -0.49240387650610273,
        0.08682408883346499
      ],
      [
        1.3877787807814457e-17,
        -0.17364817766693044,
        -0.9848077530122081
      ]
    ]
  ],
  [
    0.0203,
    [
      0.0,
      0.0,
      0.091
    ],
    [
      [
        0.6691306063588571,
        -0.7318547857410432,
        0.12904574468675875
      ],
      [
        -0.7431448254773954,
        -0.6589650089199622,
        0.1161933104153837
      ],
      [
        -1.3877787807814457e-17,
        -0.17364817766693047,
        -0.9848077530122081
      ]
    ],
    [
      -0.019356861703013813,
      -0.017428996562307553,
      0.2387211629518312
    ],
    [
      [
        0.6691306063588571,
        -0.7318547857410432,
        0.12904574468675875
      ],
      [
        -0.7431448254773954,
        -0.6589650089199622,
        0.1161933104153837
      ],
      [
        -1.3877787807814457e-17,
        -0.17364817766693047,
        -0.9848077530122081
      ]
    ]
  ],
  [
    0.0203,
    [
      0.0,
      0.0,
      0.091
    ],
    [
      [
        0.8090169943749465,
        -0.5788554735638657,
        0.10206783792008517
      ],
      [
        -0.5877852522924746,
        -0.7967262083790811,
        0.14048432677478676
      ],
      [
        1.3877787807814457e-17,
        -0.17364817766693044,
        -0.9848077530122081
      ]
    ],
    [
      -0.015310175688012774,
      -0.021072649016218012,
      0.2387211629518312
    ],
    [
      [
        0.8090169943749465,
        -0.5788554735638657,
        0.10206783792008517
      ],
      [
        -0.5877852522924746,
        -0.7967262083790811,
        0.14048432677478676
      ],
      [
        1.3877787807814457e-17,
        -0.17364817766693044,
        -0.9848077530122081
      ]
    ]
  ],
  [
    0.0203,
    [
      0.0,
      0.0,
      0.091
    ],
    [
      [
        0.9135454576426002,
        -0.40055739953520897,
        0.07062907686047773
      ],
      [
        -0.406736643075802,
        -0.8996666494155183,
        0.15863550393553952
      ],
      [
        0.0,
        -0.17364817766693044,
        -0.9848077530122081
      ]
    ],
    [
      -0.01059436152907166,
      -0.023795325590330926,
      0.2387211629518312
    ],
    [
      [
        0.9135454576426002,
        -0.40055739953520897,
        0.07062907686047773
      ],
      [
        -0.406736643075802,
        -0.8996666494155183,
        0.15863550393553952
      ],
      [
        0.0,
        -0.17364817766693044,
        -0.9848077530122081
      ]
    ]
  ],
  [
    0.0203,
    [
      0.0,
      0.0,
      0.091
    ],
    [
      [
        0.9781476007338054,
        -0.2047530450592085,
        0.03610348622615454
      ],
      [
        -0.20791169081776137,
        -0.9632873407929412,
        0.16985354835670557
      ],
      [
        0.0,
        -0.17364817766693044,
        -0.9848077530122081
      ]
    ],
    [
      -0.00541552293392318,
      -0.025478032253505836,
      0.2387211629518312
    ],
    [
      [
        0.9781476007338054,
        -0.2047530450592085,
        0.03610348622615454
      ],
      [
        -0.20791169081776137,
        -0.9632873407929412,
        0.16985354835670557
      ],
      [
        0.0,
        -0.17364817766693044,
        -0.9848077530122081
      ]
    ]
  ],
  [
    0.0203,
    [
      0.0,
      0.0,
      0.091
    ],
    [
      [
        1.0000000000000002,
        -2.1867124844470357e-15,
        3.855764100600522e-16
      ],
      [
        -2.2204460492503135e-15,
        -0.9848077530122081,
        0.17364817766693044
      ],
      [
        4.930380657631324e-32,
        -0.17364817766693044,
        -0.9848077530122081
      ]
    ],
    [
      -5.783646150900783e-17,
      -0.026047226650039567,
      0.2387211629518312
    ],
    [
      [
        1.0000000000000002,
        -2.1867124844470357e-15,
        3.855764100600522e-16
      ],
      [
        -2.2204460492503135e-15,
        -0.9848077530122081,
        0.17364817766693044
      ],
      [
        4.930380657631324e-32,
        -0.17364817766693044,
        -0.9848077530122081
      ]
    ]
  ],
  [
    0.0203,
    [
      0.0,
      0.0,
      0.091
    ],
    [
      [
        0.9781476007338062,
        0.20475304505920425,
        -0.03610348622615379
      ],
      [
        0.20791169081775707,
        -0.9632873407929421,
        0.16985354835670574
      ],
      [
        6.938893903907228e-18,
        -0.17364817766693044,
        -0.984807753012208
      ]
    ],
    [
      0.005415522933923068,
      -0.02547803225350586,
      0.23872116295183118
    ],
    [
      [
        0.9781476007338062,
        0.20475304505920425,
        -0.03610348622615379
      ],
      [
        0.20791169081775707,
        -0.9632873407929421,
        0.16985354835670574
      ],
      [
        6.938893903907228e-18,
        -0.17364817766693044,
        -0.984807753012208
      ]
    ]
  ],
  [
    0.0203,
    [
      0.0,
      0.0,
      0.091
    ],
    [
      [
        0.913545457642602,
        0.400557399535205,
        -0.07062907686047702
      ],
      [
        0.406736643075798,
        -0.8996666494155201,
        0.15863550393553982
      ],
      [
        1.3877787807814457e-17,
        -0.17364817766693044,
        -0.9848077530122081
      ]
    ],
    [
      0.010594361529071552,
      -0.023795325590330974,
      0.2387211629518312
    ],
    [
      [
        0.913545457642602,
        0.400557399535205,
        -0.07062907686047702
      ],
      [
        0.406736643075798,
        -0.8996666494155201,
        0.15863550393553982
      ],
      [
        1.3877787807814457e-17,
        -0.17364817766693044,
        -0.9848077530122081
      ]
    ]
  ],
  [
    0.0203,
    [
      0.0,
      0.0,
      0.091
    ],
    [
      [
        0.8090169943749492,
        0.5788554735638621,
        -0.10206783792008453
      ],
      [
        0.587785252292471,
        -0.7967262083790838,
        0.14048432677478723
      ],
      [
        0.0,
        -0.17364817766693044,
        -0.9848077530122081
      ]
    ],
    [
      0.015310175688012679,
      -0.021072649016218085,
      0.2387211629518312
    ],
    [
      [
        0.8090169943749492,
        0.5788554735638621,
        -0.10206783792008453
      ],
      [
        0.587785252292471,
        -0.7967262083790838,
        0.14048432677478723
      ],
      [
        0.0,
        -0.17364817766693044,
        -0.9848077530122081
      ]
    ]
  ],
  [
    0.0203,
    [
      0.0,
      0.0,
      0.091
    ],
    [
      [
        0.6691306063588603,
        0.7318547857410402,
        -0.12904574468675825
      ],
      [
        0.7431448254773925,
        -0.6589650089199655,
        0.11619331041538426
      ],
      [
        0.0,
        -0.17364817766693044,
        -0.9848077530122081
      ]
    ],
    [
      0.019356861703013737,
      -0.01742899656230764,
      0.2387211629518312
    ],
    [
      [
        0.6691306063588603,
        0.7318547857410402,
        -0.12904574468675825
      ],
      [
        0.7431448254773925,
        -0.6589650089199655,
        0.11619331041538426
      ],
      [
        0.0,
        -0.17364817766693044,
        -0.9848077530122081
      ]
    ]
  ],
  [
    0.0203,
    [
      0.0,
      0.0,
      0.091
    ],
    [
      [
        0.5000000000000027,
        0.8528685319524418,
        -0.15038373318043513
      ],
      [
        0.8660254037844374,
        -0.4924038765061066,
        0.08682408883346568
      ],
      [
        0.0,
        -0.17364817766693044,
        -0.9848077530122081
      ]
    ],
    [
