[
  [
    0.019000000000000003,
    [
      0.0,
      0.0,
      0.095
    ],
    [
      [
        1.0000000000000002,
        1.2229684632711994e-16,
        6.409306129323746e-18
      ],
      [
        1.2246467991473535e-16,
        -0.9986295347545739,
        -0.052335956242944126
      ],
      [
        7.703719777548943e-34,
        0.052335956242944126,
        -0.9986295347545739
      ]
    ],
    [
      -9.613959193985618e-19,
      0.007850393436441618,
      0.2447944302131861
    ],
    [
      [
        1.0000000000000002,
        1.2229684632711994e-16,
        6.409306129323746e-18
      ],
      [
        1.2246467991473535e-16,
        -0.9986295347545739,
        -0.052335956242944126
      ],
      [
        7.703719777548943e-34,
        0.052335956242944126,
        -0.9986295347545739
      ]
    ]
  ],
  [
    0.019000000000000003,
    [
      0.0,
      0.0,
      0.095
    ],
    [
      [
        0.9762960071199334,
        0.21614299096946754,
        0.011327574164304287
      ],
      [
        0.21643961393810318,
        -0.9749580273729271,
        -0.051095385108789894
      ],
      [
        1.734723475976807e-18,
        0.052335956242944126,
        -0.9986295347545739
      ]
    ],
    [
      -0.001699136124645643,
      0.007664307766318484,
      0.2447944302131861
    ],
    [
      [
        0.9762960071199334,
        0.21614299096946754,
        0.011327574164304287
      ],
      [
        0.21643961393810318,
        -0.9749580273729271,
        -0.051095385108789894
      ],
      [
        1.734723475976807e-18,
        0.052335956242944126,
        -0.9986295347545739
      ]
    ]
  ],
  [
    0.019000000000000003,
    [
      0.0,
      0.0,
      0.095
    ],
    [
      [
        0.9063077870366499,
        0.42203907810090185,
        0.022118130853930378
      ],
      [
        0.42261826174069994,
        -0.905065723712857,
        -0.04743248468498962
      ],
      [
        3.469446951953614e-18,
        0.052335956242944126,
        -0.9986295347545739
      ]
    ],
    [
      -0.0033177196280895567,
      0.007114872702748442,
      0.2447944302131861
    ],
    [
      [
        0.9063077870366499,
        0.42203907810090185,
        0.022118130853930378
      ],
      [
        0.42261826174069994,
        -0.905065723712857,
        -0.04743248468498962
      ],
      [
        3.469446951953614e-18,
        0.052335956242944126,
        -0.9986295347545739
      ]
    ]
  ],
  [
    0.019000000000000003,
    [
      0.0,
      0.0,
      0.095
    ],
    [
      [
        0.7933533402912347,
        0.6079271426275088,
        0.03186011151099257
      ],
      [
        0.6087614290087213,
        -0.7922660771110228,
        -0.04152090570267563
      ],
      [
        -3.469446951953614e-18,
        0.05233595624294411,
        -0.9986295347545739
      ]
    ],
    [
      -0.004779016726648886,
      0.0062281358554013445,
      0.2447944302131861
    ],
    [
      [
        0.7933533402912347,
        0.6079271426275088,
        0.03186011151099257
      ],
      [
        0.6087614290087213,
        -0.7922660771110228,
        -0.04152090570267563
      ],
      [
        -3.469446951953614e-18,
        0.05233595624294411,
        -0.9986295347545739
      ]
    ]
  ],
  [
    0.019000000000000003,
    [
      0.0,
      0.0,
      0.095
    ],
    [
      [
        0.6427876096865388,
        0.7649946058332323,
        0.04009166845522537
      ],
      [
        0.7660444431189788,
        -0.6419066916072728,
        -0.03364090421406134
      ],
      [
        0.0,
        0.052335956242944126,
        -0.9986295347545739
      ]
    ],
    [
      -0.006013750268283805,
      0.0050461356321092,
      0.2447944302131861
    ],
    [
      [
        0.6427876096865388,
        0.7649946058332323,
        0.04009166845522537
      ],
      [
        0.7660444431189788,
        -0.6419066916072728,
        -0.03364090421406134
      ],
      [
        0.0,
        0.052335956242944126,
        -0.9986295347545739
      ]
    ]
  ],
  [
    0.019000000000000003,
    [
      0.0,
      0.0,
      0.095
    ],
    [
      [
        0.46174861323503297,
        0.885795215659035,
        0.04642256015223285
      ],
      [
        0.8870108331782223,
        -0.46111580280847064,
        -0.024166055217508815
      ],
      [
        3.469446951953614e-18,
        0.05233595624294412,
        -0.9986295347545739
      ]
    ],
    [
      -0.006963384022834928,
      0.003624908282626322,
      0.2447944302131861
    ],
    [
      [
        0.46174861323503297,
        0.885795215659035,
        0.04642256015223285
      ],
      [
        0.8870108331782223,
        -0.46111580280847064,
        -0.024166055217508815
      ],
      [
        3.469446951953614e-18,
        0.05233595624294412,
        -0.9986295347545739
      ]
    ]
  ],
  [
    0.019000000000000003,
    [
      0.0,
      0.0,
      0.095
    ],
    [
      [
        0.2588190451025197,
        0.96460205851448,
        0.050552651778594346
      ],
      [
        0.9659258262890688,
        -0.25846434259635226,
        -0.01354554221932605
      ],
      [
        0.0,
        0.052335956242944126,
        -0.9986295347545739
      ]
    ],
    [
      -0.007582897766789151,
      0.0020318313328989072,
      0.2447944302131861
    ],
    [
      [
        0.2588190451025197,
        0.96460205851448,
        0.050552651778594346
      ],
      [
        0.9659258262890688,
        -0.25846434259635226,
        -0.01354554221932605
      ],
      [
        0.0,
        0.052335956242944126,
        -0.9986295347545739
      ]
    ]
  ],
  [
    0.019000000000000003,
    [
      0.0,
      0.0,
      0.095
    ],
    [
      [
        0.04361938736533462,
        0.9976790607156751,
        0.05228614400929925
      ],
      [
        0.9990482215818579,
        -0.04355960851092364,
        -0.0022828623484961817
      ],
      [
        4.336808689942018e-19,
        0.05233595624294413,
        -0.9986295347545739
      ]
    ],
    [
      -0.007842921601394886,
      0.00034242935227442724,
      0.2447944302131861
    ],
    [
      [
        0.04361938736533462,
        0.9976790607156751,
        0.05228614400929925
      ],
      [
        0.9990482215818579,
        -0.04355960851092364,
        -0.0022828623484961817
      ],
      [
        4.336808689942018e-19,
        0.05233595624294413,
        -0.9986295347545739
      ]
    ]
  ],
  [
    0.019000000000000003,
    [
      0.0,
      0.0,
      0.095
    ],
    [
      [
        -0.17364817766693205,
        0.9834581082132784,
        0.051540855469359034
      ],
      [
        0.9848077530122079,
        0.17341019887450793,
        0.009088043428043542
      ],
      [
        0.0,
        0.052335956242944126,
        -0.9986295347545739
      ]
    ],
    [
      -0.007731128320403855,
      -0.0013632065142065314,
      0.2447944302131861
    ],
    [
      [
        -0.17364817766693205,
        0.9834581082132784,
        0.051540855469359034
      ],
      [
        0.9848077530122079,
        0.17341019887450793,
        0.009088043428043542
      ],
      [
        0.0,
        0.052335956242944126,
        -0.9986295347545739
      ]
    ]
  ],
  [
    0.019000000000000003,
    [
      0.0,
      0.0,
      0.095
    ],
    [
      [
        -0.38268343236509134,
        0.9226133877210189,
        0.04835211878726235
      ],
      [
        0.9238795325112862,
        0.38215897802103455,
        0.020028103371159088
      ],
      [
        0.0,
        0.05233595624294412,
        -0.9986295347545739
      ]
    ],
    [
      -0.007252817818089352,
      -0.003004215505673863,
      0.2447944302131861
    ],
    [
      [
        -0.38268343236509134,
        0.9226133877210189,
        0.04835211878726235
      ],
      [
        0.9238795325112862,
        0.38215897802103455,
        0.020028103371159088
      ],
      [
        0.0,
        0.05233595624294412,
        -0.9986295347545739
      ]
    ]
  ],
  [
    0.019000000000000003,
    [
      0.0,
      0.0,
      0.095
    ],
    [
      [
        -0.5735764363510479,
        0.8180294248815728,
        0.04287110554622684
      ],
      [
        0.8191520442889907,
        0.5727903697794334,
        0.030018671274852266
      ],
      [
        -3.469446951953614e-18,
        0.052335956242944126,
        -0.9986295347545739
      ]
    ],
    [
      -0.006430665831934026,
      -0.00450280069122784,
      0.2447944302131861
    ],
    [
      [
        -0.5735764363510479,
        0.8180294248815728,
        0.04287110554622684
      ],
      [
        0.8191520442889907,
        0.5727903697794334,
        0.030018671274852266
      ],
      [
        -3.469446951953614e-18,
        0.052335956242944126,
        -0.9986295347545739
      ]
    ]
  ],
  [
    0.019000000000000003,
    [
      0.0,
      0.0,
      0.095
    ],
    [
      [
        -0.7372773368101257,
        0.6746643347159712,
        0.035357659543934654
      ],
      [
        0.6755902076156588,
        0.736266923843787,
        0.038586114438209106
      ],
      [
        -1.0408340855860843e-17,
        0.052335956242944126,
        -0.9986295347545739
      ]
    ],
    [
      -0.0053036489315901976,
      -0.005787917165731365,
      0.2447944302131861
    ],
    [
      [
        -0.7372773368101257,
        0.6746643347159712,
        0.035357659543934654
      ],
      [
        0.6755902076156588,
        0.736266923843787,
        0.038586114438209106
      ],
      [
        -1.0408340855860843e-17,
        0.052335956242944126,
        -0.9986295347545739
      ]
    ]
  ],
  [
    0.019000000000000003,
    [
      0.0,
      0.0,
      0.095
    ],
    [
      [
        -0.8660254037844398,
        0.49931476737728486,
        0.02616797812147196
      ],
      [
        0.499999999999998,
        0.864838546066897,
        0.045324267637740466
      ],
      [
        0.0,
        0.05233595624294411,
        -0.9986295347545739
      ]
    ],
    [
      -0.003925196718220793,
      -0.00679864014566107,
      0.2447944302131861
    ],
    [
      [
        -0.8660254037844398,
        0.49931476737728486,
        0.02616797812147196
      ],
      [
        0.499999999999998,
        0.864838546066897,
        0.045324267637740466
      ],
      [
        0.0,
        0.05233595624294411,
        -0.9986295347545739
      ]
    ]
  ],
  [
    0.019000000000000003,
    [
      0.0,
      0.0,
      0.095
    ],
    [
      [
        -0.9537169507482278,
        0.30029369265695194,
        0.015737725564855035
      ],
      [
        0.3007057995042706,
        0.9524099148132535,
        0.04991368860251334
      ],
      [
        0.0,
        0.052335956242944126,
        -0.9986295347545739
      ]
    ],
    [
      -0.002360658834728255,
      -0.007487053290377001,
      0.2447944302131861
    ],
    [
      [
        -0.9537169507482278,
        0.30029369265695194,
        0.015737725564855035
      ],
      [
        0.3007057995042706,
        0.9524099148132535,
        0.04991368860251334
      ],
      [
        0.0,
        0.052335956242944126,
        -0.9986295347545739
      ]
    ]
  ],
  [
    0.019000000000000003,
    [
      0.0,
      0.0,
      0.095
    ],
    [
      [
        -0.9961946980917459,
        0.08703629883128046,
        0.004561379138762589
      ],
      [
        0.08715574274765543,
        0.9948294478803333,
        0.05213680212878254
      ],
      [
        -8.673617379884035e-19,
        0.052335956242944126,
        -0.9986295347545739
      ]
    ],
    [
      -0.0006842068708143883,
      -0.00782052031931738,
      0.2447944302131861
    ],
    [
      [
        -0.9961946980917459,
        0.08703629883128046,
        0.004561379138762589
      ],
      [
        0.08715574274765543,
        0.9948294478803333,
        0.05213680212878254
      ],
      [
        -8.673617379884035e-19,
        0.052335956242944126,
        -0.9986295347545739
      ]
    ]
  ],
  [
    0.019000000000000003,
    [
      0.0,
      0.0,
      0.095
    ],
    [
      [
        -0.9914448613738102,
        -0.13034731060999916,
        -0.006831213084586888
      ],
      [
        -0.13052619222005454,
        0.990086120648541,
        0.05188821488215153
      ],
      [
        -8.673617379884035e-19,
        0.052335956242944126,
        -0.9986295347545739
      ]
    ],
    [
      0.0010246819626880332,
      -0.007783232232322729,
      0.2447944302131861
    ],
    [
      [
        -0.9914448613738102,
        -0.13034731060999916,
        -0.006831213084586888
      ],
      [
        -0.13052619222005454,
        0.990086120648541,
        0.05188821488215153
      ],
      [
        -8.673617379884035e-19,
        0.052335956242944126,
        -0.9986295347545739
      ]
    ]
  ],
  [
    0.019000000000000003,
    [
      0.0,
      0.0,
      0.095
    ],
    [
      [
        -0.9396926207859074,
        -0.3415514166060082,
        -0.01789995125529783
      ],
      [
        -0.3420201433256717,
        0.9384048047077369,
        0.04917971188326873
      ],
      [
        0.0,
        0.052335956242944126,
        -0.9986295347545739
      ]
    ],
    [
      0.002684992688294674,
      -0.007376956782490309,
      0.2447944302131861
    ],
    [
      [
        -0.9396926207859074,
        -0.3415514166060082,
        -0.01789995125529783
      ],
      [
        -0.3420201433256717,
        0.9384048047077369,
        0.04917971188326873
      ],
      [
        0.0,
        0.052335956242944126,
        -0.9986295347545739
      ]
    ]
  ],
  [
    0.019000000000000003,
    [
      0.0,
      0.0,
      0.095
    ],
    [
      [
        -0.843391445812884,
        -0.5365632579072063,
        -0.028120088791790534
      ],
      [
        -0.5372996083468267,
        0.8422356071481077,
        0.04413969780373648
      ],
      [
        -3.469446951953614e-18,
        0.052335956242944126,
        -0.9986295347545739
      ]
    ],
    [
      0.00421801331876858,
      -0.006620954670560472,
      0.2447944302131861
    ],
    [
      [
        -0.843391445812884,
        -0.5365632579072063,
        -0.028120088791790534
      ],
      [
        -0.5372996083468267,
        0.8422356071481077,
        0.04413969780373648
      ],
      [
        -3.469446951953614e-18,
        0.052335956242944126,
        -0.9986295347545739
      ]
    ]
  ],
  [
    0.019000000000000003,
    [
      0.0,
      0.0,
      0.095
    ],
    [
      [
        -0.7071067811865451,
        -0.7061377159181288,
        -0.03700710955926835
      ],
      [
        -0.7071067811865501,
        0.7061377159181238,
        0.03700710955926809
      ],
      [
        0.0,
        0.052335956242944126,
        -0.9986295347545739
      ]
    ],
    [
      0.005551066433890252,
      -0.005551066433890213,
      0.2447944302131861
    ],
    [
      [
        -0.7071067811865451,
        -0.7061377159181288,
        -0.03700710955926835
      ],
      [
        -0.7071067811865501,
        0.7061377159181238,
        0.03700710955926809
      ],
      [
        0.0,
        0.052335956242944126,
        -0.9986295347545739
      ]
    ]
  ],
  [
    0.019000000000000003,
    [
      0.0,
      0.0,
      0.095
    ],
    [
      [
        -0.5372996083468211,
        -0.8422356071481112,
        -0.04413969780373666
      ],
      [
        -0.8433914458128875,
        0.5365632579072007,
        0.028120088791790246
      ],
      [
        0.0,
        0.052335956242944126,
        -0.9986295347545739
      ]
    ],
    [
      0.006620954670560499,
      -0.004218013318768536,
      0.2447944302131861
    ],
    [
      [
        -0.5372996083468211,
        -0.8422356071481112,
        -0.04413969780373666
      ],
      [
        -0.8433914458128875,
        0.5365632579072007,
        0.028120088791790246
      ],
      [
        0.0,
        0.052335956242944126,
        -0.9986295347545739
      ]
    ]
  ],
  [
    0.019000000000000003,
    [
      0.0,
      0.0,
      0.095
    ],
    [
      [
        -0.3420201433256651,
        -0.9384048047077393,
        -0.04917971188326886
      ],
      [
        -0.9396926207859099,
        0.3415514166060016,
        0.017899951255297485
      ],
      [
        0.0,
        0.052335956242944126,
        -0.9986295347545739
      ]
    ],
    [
      0.007376956782490329,
      -0.002684992688294623,
      0.2447944302131861
    ],
    [
      [
        -0.3420201433256651,
        -0.9384048047077393,
        -0.04917971188326886
      ],
      [
        -0.9396926207859099,
        0.3415514166060016,
        0.017899951255297485
      ],
      [
        0.0,
        0.052335956242944126,
        -0.9986295347545739
      ]
    ]
  ],
  [
    0.019000000000000003,
    [
      0.0,
      0.0,
      0.095
    ],
    [
      [
        -0.13052619222004708,
        -0.9900861206485418,
        -0.05188821488215158
      ],
      [
        -0.991444861373811,
        0.13034731060999166,
        0.006831213084586498
      ],
      [
        -8.673617379884035e-19,
        0.05233595624294411,
        -0.9986295347545739
      ]
    ],
    [
      0.007783232232322737,
      -0.0010246819626879746,
      0.2447944302131861
    ],
    [
      [
        -0.13052619222004708,
        -0.9900861206485418,
        -0.05188821488215158
      ],
      [
        -0.991444861373811,
        0.13034731060999166,
        0.006831213084586498
      ],
      [
        -8.673617379884035e-19,
        0.05233595624294411,
        -0.9986295347545739
      ]
    ]
  ],
  [
    0.019000000000000003,
    [
      0.0,
      0.0,
      0.095
    ],
    [
      [
        0.08715574274766248,
        -0.9948294478803326,
        -0.05213680212878251
      ],
      [
        -0.9961946980917451,
        -0.0870362988312875,
        -0.004561379138762958
      ],
      [
        -8.673617379884035e-19,
        0.05233595624294411,
        -0.9986295347545739
      ]
    ],
    [
      0.007820520319317376,
      0.0006842068708144436,
      0.2447944302131861
    ],
    [
      [
        0.08715574274766248,
        -0.9948294478803326,
        -0.05213680212878251
      ],
      [
        -0.9961946980917451,
        -0.0870362988312875,
        -0.004561379138762958
      ],
      [
        -8.673617379884035e-19,
        0.05233595624294411,
        -0.9986295347545739
      ]
    ]
  ],
  [
    0.019000000000000003,
    [
      0.0,
      0.0,
      0.095
    ],
    [
      [
        0.30070579950427695,
        -0.9524099148132514,
        -0.049913688602513245
      ],
      [
        -0.9537169507482258,
        -0.3002936926569582,
        -0.01573772556485537
      ],
      [
        0.0,
        0.05233595624294411,
        -0.9986295347545739
      ]
    ],
    [
      0.007487053290376987,
      0.002360658834728305,
      0.2447944302131861
    ],
    [
      [
        0.30070579950427695,
        -0.9524099148132514,
        -0.049913688602513245
      ],
      [
        -0.9537169507482258,
        -0.3002936926569582,
        -0.01573772556485537
      ],
      [
        0.0,
        0.05233595624294411,
        -0.9986295347545739
      ]
    ]
  ],
  [
    0.019000000000000003,
    [
      0.0,
      0.0,
      0.095
    ],
    [
      [
        0.5000000000000041,
        -0.8648385460668937,
        -0.04532426763774028
      ],
      [
        -0.8660254037844365,
        -0.49931476737729097,
        -0.02616797812147227
      ],
      [
        -3.469446951953614e-18,
        0.052335956242944126,
        -0.9986295347545739
      ]
    ],
    [
      0.006798640145661041,
      0.00392519671822084,
      0.2447944302131861
    ],
    [
      [
        0.5000000000000041,
        -0.8648385460668937,
        -0.04532426763774028
      ],
      [
        -0.8660254037844365,
        -0.49931476737729097,
        -0.02616797812147227
      ],
      [
        -3.469446951953614e-18,
        0.052335956242944126,
        -0.9986295347545739
      ]
    ]
  ],
  [
    0.019000000000000003,
    [
      0.0,
      0.0,
      0.095
    ],
    [
      [
        0.6755902076156642,
        -0.7362669238437819,
        -0.03858611443820884
      ],
      [
        -0.7372773368101205,
        -0.6746643347159766,
        -0.03535765954393494
      ],
      [
        3.469446951953614e-18,
        0.052335956242944126,
        -0.9986295347545739
      ]
    ],
    [
      0.005787917165731326,
      0.005303648931590241,
      0.2447944302131861
    ],
    [
      [
        0.6755902076156642,
        -0.7362669238437819,
        -0.03858611443820884
      ],
      [
        -0.7372773368101205,
        -0.6746643347159766,
        -0.03535765954393494
      ],
      [
        3.469446951953614e-18,
        0.052335956242944126,
        -0.9986295347545739
      ]
    ]
  ],
  [
    0.019000000000000003,
    [
      0.0,
      0.0,
      0.095
    ],
    [
      [
        0.8191520442889946,
        -0.5727903697794275,
        -0.030018671274851964
      ],
      [
        -0.5735764363510422,
        -0.8180294248815767,
        -0.042871105546227056
      ],
      [
        3.469446951953614e-18,
        0.05233595624294411,
        -0.9986295347545739
      ]
    ],
    [
      0.004502800691227794,
      0.0064306658319340584,
      0.2447944302131861
    ],
    [
      [
        0.8191520442889946,
        -0.5727903697794275,
        -0.030018671274851964
      ],
      [
        -0.5735764363510422,
        -0.8180294248815767,
        -0.042871105546227056
      ],
      [
        3.469446951953614e-18,
        0.05233595624294411,
        -0.9986295347545739
      ]
    ]
  ],
  [
    0.019000000000000003,
    [
      0.0,
      0.0,
      0.095
    ],
    [
      [
        0.9238795325112886,
        -0.38215897802102866,
        -0.020028103371158776
      ],
      [
        -0.3826834323650854,
        -0.9226133877210213,
        -0.04835211878726247
      ],
      [
        0.0,
        0.052335956242944126,
        -0.9986295347545739
      ]
    ],
    [
      0.0030042155056738164,
      0.0072528178180893705,
      0.2447944302131861
    ],
    [
      [
        0.9238795325112886,
        -0.38215897802102866,
        -0.020028103371158776
      ],
      [
        -0.3826834323650854,
        -0.9226133877210213,
        -0.04835211878726247
      ],
      [
        0.0,
        0.052335956242944126,
        -0.9986295347545739
      ]
    ]
  ],
  [
    0.019000000000000003,
    [
      0.0,
      0.0,
      0.095
    ],
    [
      [
        0.9848077530122091,
        -0.1734101988745009,
        -0.009088043428043174
      ],
      [
        -0.17364817766692503,
        -0.9834581082132796,
        -0.0515408554693591
      ],
      [
        -1.734723475976807e-18,
        0.052335956242944126,
        -0.9986295347545739
      ]
    ],
    [
      0.001363206514206476,
      0.007731128320403864,
      0.2447944302131861
    ],
    [
      [
        0.9848077530122091,
        -0.1734101988745009,
        -0.009088043428043174
      ],
      [
        -0.17364817766692503,
        -0.9834581082132796,
        -0.0515408554693591
      ],
      [
        -1.734723475976807e-18,
        0.052335956242944126,
        -0.9986295347545739
      ]
    ]
  ],
  [
    0.019000000000000003,
    [
      0.0,
      0.0,
      0.095
    ],
    [
      [
        1.0,
        1.2246467991473532e-16,
        0.0
      ],
      [
        1.2246467991473532e-16,
        -1.0,
        0.0
      ],
      [
        0.0,
        0.0,
        -1.0
      ]
    ],
    [
      0.0,
      0.0,
      0.245
    ],
    [
      [
        1.0,
        1.2246467991473532e-16,
        0.0
      ],
      [
        1.2246467991473532e-16,
        -1.0,
        0.0
      ],
      [
        0.0,
        0.0,
        -1.0
      ]
    ]
  ],
  [
    0.019000000000000003,
    [
      0.0,
      0.0,
      0.095
    ],
    [
      [
        0.9762960071199335,
        0.2164396139381032,
        0.0
      ],
      [
        0.2164396139381032,
        -0.9762960071199335,
        0.0
      ],
      [
        0.0,
        0.0,
        -1.0
      ]
    ],
    [
      0.0,
      0.0,
      0.245
    ],
    [
      [
        0.9762960071199335,
        0.2164396139381032,
        0.0
      ],
      [
        0.2164396139381032,
        -0.9762960071199335,
        0.0
      ],
      [
        0.0,
        0.0,
        -1.0
      ]
    ]
  ],
  [
    0.019000000000000003,
    [
      0.0,
      0.0,
      0.095
    ],
    [
      [
        0.9063077870366497,
        0.4226182617406999,
        0.0
      ],
      [
        0.4226182617406999,
        -0.9063077870366497,
        0.0
      ],
      [
        0.0,
        0.0,
        -1.0
      ]
    ],
    [
      0.0,
      0.0,
      0.245
    ],
    [
      [
        0.9063077870366497,
        0.4226182617406999,
        0.0
      ],
      [
        0.4226182617406999,
        -0.9063077870366497,
        0.0
      ],
      [
        0.0,
        0.0,
        -1.0
      ]
    ]
  ],
  [
    0.019000000000000003,
    [
      0.0,
      0.0,
      0.095
    ],
    [
      [
        0.7933533402912348,
        0.6087614290087212,
        0.0
      ],
      [
        0.6087614290087212,
        -0.7933533402912348,
        0.0
      ],
      [
        0.0,
        0.0,
        -1.0
      ]
    ],
    [
      0.0,
      0.0,
      0.245
    ],
    [
      [
        0.7933533402912348,
        0.6087614290087212,
        0.0
      ],
      [
        0.6087614290087212,
        -0.7933533402912348,
        0.0
      ],
      [
        0.0,
        0.0,
        -1.0
      ]
    ]
  ],
  [
    0.019000000000000003,
    [
      0.0,
      0.0,
      0.095
    ],
    [
      [
        0.6427876096865387,
        0.7660444431189787,
        0.0
      ],
      [
        0.7660444431189787,
        -0.6427876096865387,
        0.0
      ],
      [
        0.0,
        0.0,
        -1.0
      ]
    ],
    [
      0.0,
      0.0,
      0.245
    ],
    [
      [
        0.6427876096865387,
        0.7660444431189787,
        0.0
      ],
      [
        0.7660444431189787,
        -0.6427876096865387,
        0.0
      ],
      [
        0.0,
        0.0,
        -1.0
      ]
    ]
  ],
  [
    0.019000000000000003,
    [
      0.0,
      0.0,
      0.095
    ],
    [
      [
        0.4617486132350329,
        0.8870108331782222,
        0.0
      ],
      [
        0.8870108331782222,
        -0.4617486132350329,
        0.0
      ],
      [
        0.0,
        0.0,
        -1.0
      ]
    ],
    [
      0.0,
      0.0,
      0.245
    ],
    [
      [
        0.4617486132350329,
        0.8870108331782222,
        0.0
      ],
      [
        0.8870108331782222,
        -0.4617486132350329,
        0.0
      ],
      [
        0.0,
        0.0,
        -1.0
      ]
    ]
  ],
  [
    0.019000000000000003,
    [
      0.0,
      0.0,
      0.095
    ],
    [
      [
        0.25881904510251963,
        0.9659258262890686,
        0.0
      ],
      [
        0.9659258262890686,
        -0.25881904510251963,
        0.0
      ],
      [
        0.0,
        0.0,
        -1.0
      ]
    ],
    [
      0.0,
      0.0,
      0.245
    ],
    [
      [
        0.25881904510251963,
        0.9659258262890686,
        0.0
      ],
      [
        0.9659258262890686,
        -0.25881904510251963,
        0.0
      ],
      [
        0.0,
        0.0,
        -1.0
      ]
    ]
  ],
  [
    0.019000000000000003,
    [
      0.0,
      0.0,
      0.095
    ],
    [
      [
        0.04361938736533461,
        0.9990482215818579,
        0.0
      ],
      [
        0.9990482215818579,
        -0.04361938736533461,
        0.0
      ],
      [
        0.0,
        0.0,
        -1.0
      ]
    ],
    [
      0.0,
      0.0,
      0.245
    ],
    [
      [
        0.04361938736533461,
        0.9990482215818579,
        0.0
      ],
      [
        0.9990482215818579,
        -0.04361938736533461,
        0.0
      ],
      [
        0.0,
        0.0,
        -1.0
      ]
    ]
  ],
  [
    0.019000000000000003,
    [
      0.0,
      0.0,
      0.095
    ],
    [
      [
        -0.17364817766693202,
        0.9848077530122078,
        0.0
      ],
      [
        0.9848077530122078,
        0.17364817766693202,
        0.0
      ],
      [
        0.0,
        0.0,
        -1.0
      ]
    ],
    [
      0.0,
      0.0,
      0.245
    ],
    [
      [
        -0.17364817766693202,
        0.9848077530122078,
        0.0
      ],
      [
        0.9848077530122078,
        0.17364817766693202,
        0.0
      ],
      [
        0.0,
        0.0,
        -1.0
      ]
    ]
  ],
  [
    0.019000000000000003,
    [
      0.0,
      0.0,
      0.095
    ],
    [
      [
        -0.3826834323650913,
        0.9238795325112861,
        0.0
      ],
      [
        0.9238795325112861,
        0.3826834323650913,
        0.0
      ],
      [
        0.0,
        0.0,
        -1.0
      ]
    ],
    [
      0.0,
      0.0,
      0.245
    ],
    [
      [
        -0.3826834323650913,
        0.9238795325112861,
        0.0
      ],
      [
        0.9238795325112861,
        0.3826834323650913,
        0.0
      ],
      [
        0.0,
        0.0,
        -1.0
      ]
    ]
  ],
  [
    0.019000000000000003,
    [
      0.0,
      0.0,
      0.095
    ],
    [
      [
        -0.5735764363510478,
        0.8191520442889906,
        0.0
      ],
      [
        0.8191520442889906,
        0.5735764363510478,
        0.0
      ],
      [
        0.0,
        0.0,
        -1.0
      ]
    ],
    [
      0.0,
      0.0,
      0.245
    ],
    [
      [
        -0.5735764363510478,
        0.8191520442889906,
        0.0
      ],
      [
        0.8191520442889906,
        0.5735764363510478,
        0.0
      ],
      [
        0.0,
        0.0,
        -1.0
      ]
    ]
  ],
  [
    0.019000000000000003,
    [
      0.0,
      0.0,
      0.095
    ],
    [
      [
        -0.7372773368101255,
        0.6755902076156587,
        0.0
      ],
      [
        0.6755902076156587,
        0.7372773368101255,
        0.0
      ],
      [
        0.0,
        0.0,
        -1.0
      ]
    ],
    [
      0.0,
      0.0,
      0.245
    ],
    [
      [
        -0.7372773368101255,
        0.6755902076156587,
        0.0
      ],
      [
        0.6755902076156587,
        0.7372773368101255,
        0.0
      ],
      [
        0.0,
        0.0,
        -1.0
      ]
    ]
  ],
  [
    0.019000000000000003,
    [
      0.0,
      0.0,
      0.095
    ],
    [
      [
        -0.8660254037844399,
        0.499999999999998,
        0.0
      ],
      [
        0.499999999999998,
        0.8660254037844399,
        0.0
      ],
      [
        0.0,
        0.0,
        -1.0
      ]
    ],
    [
      0.0,
      0.0,
      0.245
    ],
    [
      [
        -0.8660254037844399,
        0.499999999999998,
        0.0
      ],
      [
        0.499999999999998,
        0.8660254037844399,
        0.0
      ],
      [
        0.0,
        0.0,
        -1.0
      ]
    ]
  ],
  [
    0.019000000000000003,
    [
      0.0,
      0.0,
      0.095
    ],
    [
      [
        -0.9537169507482277,
        0.3007057995042706,
        0.0
      ],
      [
        0.3007057995042706,
        0.9537169507482277,
        0.0
      ],
      [
        0.0,
        0.0,
        -1.0
      ]
    ],
    [
      0.0,
      0.0,
      0.245
    ],
    [
      [
        -0.9537169507482277,
        0.3007057995042706,
        0.0
      ],
      [
        0.3007057995042706,
        0.9537169507482277,
        0.0
      ],
      [
        0.0,
        0.0,
        -1.0
      ]
    ]
  ],
  [
    0.019000000000000003,
    [
      0.0,
      0.0,
      0.095
    ],
    [
      [
        -0.9961946980917458,
        0.08715574274765542,
        0.0
      ],
      [
        0.08715574274765542,
        0.9961946980917458,
        0.0
      ],
      [
        0.0,
        0.0,
        -1.0
      ]
    ],
    [
      0.0,
      0.0,
      0.245
    ],
    [
      [
        -0.9961946980917458,
        0.08715574274765542,
        0.0
      ],
      [
        0.08715574274765542,
        0.9961946980917458,
        0.0
      ],
      [
        0.0,
        0.0,
        -1.0
      ]
    ]
  ],
  [
    0.019000000000000003,
    [
      0.0,
      0.0,
      0.095
    ],
    [
      [
        -0.9914448613738102,
        -0.13052619222005454,
        0.0
      ],
      [
        -0.13052619222005454,
        0.9914448613738102,
        0.0
      ],
      [
        -0.0,
        0.0,
        -1.0
      ]
    ],
    [
      0.0,
      0.0,
      0.245
    ],
    [
      [
        -0.9914448613738102,
        -0.13052619222005454,
        0.0
      ],
      [
        -0.13052619222005454,
        0.9914448613738102,
        0.0
      ],
      [
        0.0,
        0.0,
        -1.0
      ]
    ]
  ],
  [
    0.019000000000000003,
    [
      0.0,
      0.0,
      0.095
    ],
    [
      [
        -0.9396926207859073,
        -0.34202014332567165,
        0.0
      ],
      [
        -0.34202014332567165,
        0.9396926207859073,
        0.0
      ],
      [
        -0.0,
        0.0,
        -1.0
      ]
    ],
    [
      0.0,
      0.0,
      0.245
    ],
    [
      [
        -0.9396926207859073,
        -0.34202014332567165,
        0.0
      ],
      [
        -0.34202014332567165,
        0.9396926207859073,
        0.0
      ],
      [
        0.0,
        0.0,
        -1.0
      ]
    ]
  ],
  [
    0.019000000000000003,
    [
      0.0,
      0.0,
      0.095
    ],
    [
      [
        -0.843391445812884,
        -0.5372996083468267,
        0.0
      ],
      [
        -0.5372996083468267,
        0.843391445812884,
        0.0
      ],
      [
        -0.0,
        0.0,
        -1.0
      ]
    ],
    [
      0.0,
      0.0,
      0.245
    ],
    [
      [
        -0.843391445812884,
        -0.5372996083468267,
        0.0
      ],
      [
        -0.5372996083468267,
        0.843391445812884,
        0.0
      ],
      [
        0.0,
        0.0,
        -1.0
      ]
    ]
  ],
  [
    0.019000000000000003,
    [
      0.0,
      0.0,
      0.095
    ],
    [
      [
        -0.7071067811865451,
        -0.7071067811865501,
        0.0
      ],
      [
        -0.7071067811865501,
        0.7071067811865451,
        0.0
      ],
      [
        -0.0,
        0.0,
        -1.0
      ]
    ],
    [
      0.0,
      0.0,
      0.245
    ],
    [
      [
        -0.7071067811865451,
        -0.7071067811865501,
        0.0
      ],
      [
        -0.7071067811865501,
        0.7071067811865451,
        0.0
      ],
      [
        0.0,
        0.0,
        -1.0
      ]
    ]
  ],
  [
    0.019000000000000003,
    [
      0.0,
      0.0,
      0.095
    ],
    [
      [
        -0.5372996083468211,
        -0.8433914458128874,
        0.0
      ],
      [
        -0.8433914458128874,
        0.5372996083468211,
        0.0
      ],
      [
        -0.0,
        0.0,
        -1.0
      ]
    ],
    [
      0.0,
      0.0,
      0.245
    ],
    [
      [
        -0.5372996083468211,
        -0.8433914458128874,
        0.0
      ],
      [
        -0.8433914458128874,
        0.5372996083468211,
        0.0
      ],
      [
        0.0,
        0.0,
        -1.0
      ]
    ]
  ],
  [
    0.019000000000000003,
    [
      0.0,
      0.0,
      0.095
    ],
    [
      [
        -0.34202014332566505,
        -0.9396926207859098,
        0.0
      ],
      [
        -0.9396926207859098,
        0.34202014332566505,
        0.0
      ],
      [
        -0.0,
        0.0,
        -1.0
      ]
    ],
    [
      0.0,
      0.0,
      0.245
    ],
    [
      [
        -0.34202014332566505,
        -0.9396926207859098,
        0.0
      ],
      [
        -0.9396926207859098,
        0.34202014332566505,
        0.0
      ],
      [
        0.0,
        0.0,
        -1.0
      ]
    ]
  ],
  [
    0.019000000000000003,
    [
      0.0,
      0.0,
      0.095
    ],
    [
      [
        -0.13052619222004705,
        -0.9914448613738109,
        0.0
      ],
      [
        -0.9914448613738109,
        0.13052619222004705,
        0.0
      ],
      [
        -0.0,
        0.0,
        -1.0
      ]
    ],
    [
      0.0,
      0.0,
      0.245
    ],
    [
      [
        -0.13052619222004705,
        -0.9914448613738109,
        0.0
      ],
      [
        -0.9914448613738109,
        0.13052619222004705,
        0.0
      ],
      [
        0.0,
        0.0,
        -1.0
      ]
    ]
  ],
  [
    0.019000000000000003,
    [
      0.0,
      0.0,
      0.095
    ],
    [
      [
        0.08715574274766247,
        -0.9961946980917452,
        0.0
      ],
      [
        -0.9961946980917452,
        -0.08715574274766247,
        0.0
      ],
      [
        0.0,
        0.0,
        -1.0
      ]
    ],
    [
      0.0,
      0.0,
      0.245
    ],
    [
      [
        0.08715574274766247,
        -0.9961946980917452,
        0.0
      ],
      [
        -0.9961946980917452,
        -0.08715574274766247,
        0.0
      ],
      [
        0.0,
        0.0,
        -1.0
      ]
    ]
  ],
  [
    0.019000000000000003,
    [
      0.0,
      0.0,
      0.095
    ],
    [
      [
        0.30070579950427695,
        -0.9537169507482258,
        0.0
      ],
      [
        -0.9537169507482258,
        -0.30070579950427695,
        0.0
      ],
      [
        0.0,
        0.0,
        -1.0
      ]
    ],
    [
      0.0,
      0.0,
      0.245
    ],
    [
      [
        0.30070579950427695,
        -0.9537169507482258,
        0.0
      ],
      [
        -0.9537169507482258,
        -0.30070579950427695,
        0.0
      ],
      [
        0.0,
        0.0,
        -1.0
      ]
    ]
  ],
  [
    0.019000000000000003,
    [
      0.0,
      0.0,
      0.095
    ],
    [
      [
        0.500000000000004,
        -0.8660254037844364,
        0.0
      ],
      [
        -0.8660254037844364,
        -0.500000000000004,
        0.0
      ],
      [
        0.0,
        0.0,
        -1.0
      ]
    ],
    [
      0.0,
      0.0,
      0.245
    ],
    [
      [
        0.500000000000004,
        -0.8660254037844364,
        0.0
      ],
      [
        -0.8660254037844364,
        -0.500000000000004,
        0.0
      ],
      [
        0.0,
        0.0,
        -1.0
      ]
    ]
  ],
  [
    0.019000000000000003,
    [
      0.0,
      0.0,
      0.095
    ],
    [
      [
        0.6755902076156642,
        -0.7372773368101205,
        0.0
      ],
      [
        -0.7372773368101205,
        -0.6755902076156642,
        0.0
      ],
      [
        0.0,
        0.0,
        -1.0
      ]
    ],
    [
      0.0,
      0.0,
      0.245
    ],
    [
      [
        0.6755902076156642,
        -0.7372773368101205,
        0.0
      ],
      [
        -0.7372773368101205,
        -0.6755902076156642,
        0.0
      ],
      [
        0.0,
        0.0,
        -1.0
      ]
    ]
  ],
  [
    0.019000000000000003,
    [
      0.0,
      0.0,
      0.095
    ],
    [
      [
        0.8191520442889947,
        -0.573576436351042,
        0.0
      ],
      [
        -0.573576436351042,
        -0.8191520442889947,
        0.0
      ],
      [
        0.0,
        0.0,
        -1.0
      ]
    ],
    [
      0.0,
      0.0,
      0.245
    ],
    [
      [
        0.8191520442889947,
        -0.573576436351042,
        0.0
      ],
      [
        -0.573576436351042,
        -0.8191520442889947,
        0.0
      ],
      [
        0.0,
        0.0,
        -1.0
      ]
    ]
  ],
  [
    0.019000000000000003,
    [
      0.0,
      0.0,
      0.095
    ],
