[[0.0159422158962535, [-0.00042191754556953525, 0.00022552013978747098, 0.0027096196448187114], [[0.4713969431932309, -0.3349257802066544, -0.81584903242024], [0.8819211540427399, 0.17902166000020167, 0.43608063853224943], [2.7755575615628914e-17, -0.9250816001865652, 0.3797683938879906]], [0.10563845666906166, -0.05646496286940496, -0.046660271560620074], [[0.4713969431932309, -0.3349257802066544, -0.81584903242024], [0.8819211540427399, 0.17902166000020167, 0.43608063853224943], [2.7755575615628914e-17, -0.9250816001865652, 0.3797683938879906]]], [0.0159422158962535, [-0.00042191754556953525, 0.00022552013978747098, 0.0027096196448187114], [[0.4713969431932309, -0.6216429812616165, -0.6255756755151588], [0.8819211540427396, 0.332275283091862, 0.3343773531478248], [0.0, -0.7093328838383232, 0.7048736481849834]], [0.0809029202714011, -0.04324353576942975, -0.08892395461922914], [[0.4713969431932309, -0.6216429812616165, -0.6255756755151588], [0.8819211540427396, 0.332275283091862, 0.3343773531478248], [0.0, -0.7093328838383232, 0.7048736481849834]]], [0.0159422158962535, [-0.00042191754556953525, 0.00022552013978747098, 0.0027096196448187114], [[0.47139694319323083, -0.8137206736271555, -0.3400640928705146], [0.8819211540427396, 0.43494300641572825, 0.18176814688489806], [2.7755575615628914e-17, -0.38559466604430076, 0.9226682792413448]], [0.043786414527597364, -0.02340433895524928, -0.11723725665655611], [[0.47139694319323083, -0.8137206736271555, -0.3400640928705146], [0.8819211540427396, 0.43494300641572825, 0.18176814688489806], [2.7755575615628914e-17, -0.38559466604430076, 0.9226682792413448]]], [0.0159422158962535, [-0.00042191754556953525, 0.00022552013978747098, 0.0027096196448187114], [[0.4713969431932309, -0.881916769829235, -0.002780834775012998], [0.8819211540427397, 0.4713945997809712, 0.0014863879911003965], [3.209238430557093e-17, -0.00315315576938551, 0.9999950287919906]], [-6.040902481784546e-05, 3.228970094441944e-05, -0.12728973409814007], [[0.4713969431932309, -0.881916769829235, -0.002780834775012998], [0.8819211540427397, 0.4713945997809712, 0.0014863879911003965], [3.209238430557093e-17, -0.00315315576938551, 0.9999950287919906]]], [0.0159422158962535, [-0.00042191754556953525, 0.00022552013978747098, 0.0027096196448187114], [[0.4713969431932311, -0.8158490324202399, 0.33492578020665437], [0.8819211540427396, 0.4360806385322496, -0.17902166000020164], [-5.551115123125783e-17, 0.37976839388799055, 0.9250816001865653]], [-0.043962268972434604, 0.023498335939813684, -0.11755098837943478], [[0.4713969431932311, -0.8158490324202399, 0.33492578020665437], [0.8819211540427396, 0.4360806385322496, -0.17902166000020164], [-5.551115123125783e-17, 0.37976839388799055, 0.9250816001865653]]], [0.0159422158962535, [-0.00042191754556953525, 0.00022552013978747098, 0.0027096196448187114], [[0.47139694319323094, -0.6255756755151588, 0.6216429812616167], [0.8819211540427397, 0.33437735314782474, -0.3322752830918621], [8.326672684688674e-17, 0.7048736481849833, 0.7093328838383234]], [-0.0812355051095797, 0.04342130694172955, -0.08950365525416333], [[0.47139694319323094, -0.6255756755151588, 0.6216429812616167], [0.8819211540427397, 0.33437735314782474, -0.3322752830918621], [8.326672684688674e-17, 0.7048736481849833, 0.7093328838383234]]], [0.0159422158962535, [-0.00042191754556953525, 0.00022552013978747098, 0.0027096196448187114], [[0.4713969431932309, -0.3400640928705147, 0.8137206736271555], [0.8819211540427397, 0.18176814688489817, -0.43494300641572825], [0.0, 0.9226682792413448, 0.38559466604430087]], [-0.10620560511709976, 0.05676811097383215, -0.04741768694094041], [[0.4713969431932309, -0.3400640928705147, 0.8137206736271555], [0.8819211540427397, 0.18176814688489817, -0.43494300641572825], [0.0, 0.9226682792413448, 0.38559466604430087]]], [0.0159422158962535, [-0.00042191754556953525, 0.00022552013978747098, 0.0027096196448187114], [[0.471396943193231, -0.0027808347750130297, 0.8819167698292351], [0.8819211540427397, 0.0014863879911004437, -0.47139459978097137], [5.637851296924623e-18, 0.9999950287919905, 0.0031531557693855864]], [-0.1150710976233701, 0.061506818111313755, 0.002299709394798585], [[0.471396943193231, -0.0027808347750130297, 0.8819167698292351], [0.8819211540427397, 0.0014863879911004437, -0.47139459978097137], [5.637851296924623e-18, 0.9999950287919905, 0.0031531557693855864]]], [0.0159422158962535, [-0.00042191754556953525, 0.00022552013978747098, 0.0027096196448187114], [[0.4713969431932309, 0.3349257802066543, 0.81584903242024], [0.8819211540427397, -0.1790216600002016, -0.4360806385322495], [-2.7755575615628914e-17, 0.9250816001865652, -0.37976839388799055]], [-0.10648229176020074, 0.05691600314897991, 0.052079510850257485], [[0.4713969431932309, 0.3349257802066543, 0.81584903242024], [0.8819211540427397, -0.1790216600002016, -0.4360806385322495], [-2.7755575615628914e-17, 0.9250816001865652, -0.37976839388799055]]], [0.0159422158962535, [-0.00042191754556953525, 0.00022552013978747098, 0.0027096196448187114], [[0.471396943193231, 0.6216429812616167, 0.6255756755151588], [0.8819211540427399, -0.332275283091862, -0.33437735314782485], [-8.326672684688674e-17, 0.7093328838383234, -0.7048736481849834]], [-0.08174675536254018, 0.0436945760490047, 0.09434319390886656], [[0.471396943193231, 0.6216429812616167, 0.6255756755151588], [0.8819211540427399, -0.332275283091862, -0.33437735314782485], [-8.326672684688674e-17, 0.7093328838383234, -0.7048736481849834]]], [0.0159422158962535, [-0.00042191754556953525, 0.00022552013978747098, 0.0027096196448187114], [[0.4713969431932309, 0.6255756755151586, -0.621642981261617], [0.8819211540427399, -0.33437735314782463, 0.33227528309186216], [-2.7755575615628914e-17, -0.7048736481849835, -0.7093328838383232]], [0.08039167001844066, -0.04297026666215461, 0.09492289454380072], [[0.4713969431932309, 0.6255756755151586, -0.621642981261617], [0.8819211540427399, -0.33437735314782463, 0.33227528309186216], [-2.7755575615628914e-17, -0.7048736481849835, -0.7093328838383232]]], [0.0159422158962535, [-0.00042191754556953525, 0.00022552013978747098, 0.0027096196448187114], [[0.47139694319323083, 0.3400640928705147, -0.8137206736271555], [0.8819211540427396, -0.18176814688489815, 0.43494300641572825], [2.7755575615628914e-17, -0.9226682792413446, -0.385594666044301]], [0.10536177002596067, -0.056317070694257204, 0.05283692623057784], [[0.47139694319323083, 0.3400640928705147, -0.8137206736271555], [0.8819211540427396, -0.18176814688489815, 0.43494300641572825], [2.7755575615628914e-17, -0.9226682792413446, -0.385594666044301]]], [0.0159422158962535, [-0.00042191754556953525, 0.00022552013978747098, 0.0027096196448187114], [[0.47139694319323094, 0.00278083477501344, -0.8819167698292351], [0.8819211540427396, -0.0014863879911006723, 0.47139459978097137], [-2.6020852139652106e-18, -0.9999950287919904, -0.00315315576938603]], [0.11422726253223102, -0.06105577783173881, 0.003119529894838895], [[0.47139694319323094, 0.00278083477501344, -0.8819167698292351], [0.8819211540427396, -0.0014863879911006723, 0.47139459978097137], [-2.6020852139652106e-18, -0.9999950287919904, -0.00315315576938603]]], [0.0159422158962535, [-0.00042191754556953525, 0.00022552013978747098, 0.0027096196448187114], [[-0.4713969431932309, 0.3349257802066544, -0.81584903242024], [-0.8819211540427399, -0.17902166000020167, 0.43608063853224943], [-2.7755575615628914e-17, 0.9250816001865652, 0.3797683938879906]], [0.10563845666906166, -0.05646496286940496, -0.046660271560620074], [[-0.4713969431932309, 0.3349257802066544, -0.81584903242024], [-0.8819211540427399, -0.17902166000020167, 0.43608063853224943], [-2.7755575615628914e-17, 0.9250816001865652, 0.3797683938879906]]], [0.0159422158962535, [-0.00042191754556953525, 0.00022552013978747098, 0.0027096196448187114], [[-0.4713969431932309, 0.6216429812616165, -0.6255756755151588], [-0.8819211540427396, -0.332275283091862, 0.3343773531478248], [0.0, 0.7093328838383232, 0.7048736481849834]], [0.0809029202714011, -0.04324353576942975, -0.08892395461922914], [[-0.4713969431932309, 0.6216429812616165, -0.6255756755151588], [-0.8819211540427396, -0.332275283091862, 0.3343773531478248], [0.0, 0.7093328838383232, 0.7048736481849834]]], [0.0159422158962535, [-0.00042191754556953525, 0.00022552013978747098, 0.0027096196448187114], [[-0.47139694319323083, 0.8137206736271555, -0.3400640928705146], [-0.8819211540427396, -0.43494300641572825, 0.18176814688489806], [-2.7755575615628914e-17, 0.38559466604430076, 0.9226682792413448]], [0.043786414527597364, -0.02340433895524928, -0.11723725665655611], [[-0.47139694319323083, 0.8137206736271555, -0.3400640928705146], [-0.8819211540427396, -0.43494300641572825, 0.18176814688489806], [-2.7755575615628914e-17, 0.38559466604430076, 0.9226682792413448]]], [0.0159422158962535, [-0.00042191754556953525, 0.00022552013978747098, 0.0027096196448187114], [[-0.4713969431932309, 0.881916769829235, -0.002780834775012998], [-0.8819211540427397, -0.4713945997809712, 0.0014863879911003965], [-3.209238430557093e-17, 0.00315315576938551, 0.9999950287919906]], [-6.040902481784546e-05, 3.228970094441944e-05, -0.12728973409814007], [[-0.4713969431932309, 0.881916769829235, -0.002780834775012998], [-0.8819211540427397, -0.4713945997809712, 0.0014863879911003965], [-3.209238430557093e-17, 0.00315315576938551, 0.9999950287919906]]], [0.0159422158962535, [-0.00042191754556953525, 0.00022552013978747098, 0.0027096196448187114], [[-0.4713969431932311, 0.8158490324202399, 0.33492578020665437], [-0.8819211540427396, -0.4360806385322496, -0.17902166000020164], [5.551115123125783e-17, -0.37976839388799055, 0.9250816001865653]], [-0.043962268972434604, 0.023498335939813684, -0.11755098837943478], [[-0.4713969431932311, 0.8158490324202399, 0.33492578020665437], [-0.8819211540427396, -0.4360806385322496, -0.17902166000020164], [5.551115123125783e-17, -0.37976839388799055, 0.9250816001865653]]], [0.0159422158962535, [-0.00042191754556953525, 0.00022552013978747098, 0.0027096196448187114], [[-0.47139694319323094, 0.6255756755151588, 0.6216429812616167], [-0.8819211540427397, -0.33437735314782474, -0.3322752830918621], [-8.326672684688674e-17, -0.7048736481849833, 0.7093328838383234]], [-0.0812355051095797, 0.04342130694172955, -0.08950365525416333], [[-0.47139694319323094, 0.6255756755151588, 0.6216429812616167], [-0.8819211540427397, -0.33437735314782474, -0.3322752830918621], [-8.326672684688674e-17, -0.7048736481849833, 0.7093328838383234]]], [0.0159422158962535, [-0.00042191754556953525, 0.00022552013978747098, 0.0027096196448187114], [[-0.4713969431932309, 0.3400640928705147, 0.8137206736271555], [-0.8819211540427397, -0.18176814688489817, -0.43494300641572825], [0.0, -0.9226682792413448, 0.38559466604430087]], [-0.10620560511709976, 0.05676811097383215, -0.04741768694094041], [[-0.4713969431932309, 0.3400640928705147, 0.8137206736271555], [-0.8819211540427397, -0.18176814688489817, -0.43494300641572825], [0.0, -0.9226682792413448, 0.38559466604430087]]], [0.0159422158962535, [-0.00042191754556953525, 0.00022552013978747098, 0.0027096196448187114], [[-0.471396943193231, 0.0027808347750130297, 0.8819167698292351], [-0.8819211540427397, -0.0014863879911004437, -0.47139459978097137], [-5.637851296924623e-18, -0.9999950287919905, 0.0031531557693855864]], [-0.1150710976233701, 0.061506818111313755, 0.002299709394798585], [[-0.471396943193231, 0.0027808347750130297, 0.8819167698292351], [-0.8819211540427397, -0.0014863879911004437, -0.47139459978097137], [-5.637851296924623e-18, -0.9999950287919905, 0.0031531557693855864]]], [0.0159422158962535, [-0.00042191754556953525, 0.00022552013978747098, 0.0027096196448187114], [[-0.4713969431932309, -0.3349257802066543, 0.81584903242024], [-0.8819211540427397, 0.1790216600002016, -0.4360806385322495], [2.7755575615628914e-17, -0.9250816001865652, -0.37976839388799055]], [-0.10648229176020074, 0.05691600314897991, 0.052079510850257485], [[-0.4713969431932309, -0.3349257802066543, 0.81584903242024], [-0.8819211540427397, 0.1790216600002016, -0.4360806385322495], [2.7755575615628914e-17, -0.9250816001865652, -0.37976839388799055]]], [0.0159422158962535, [-0.00042191754556953525, 0.00022552013978747098, 0.0027096196448187114], [[-0.471396943193231, -0.6216429812616167, 0.6255756755151588], [-0.8819211540427399, 0.332275283091862, -0.33437735314782485], [8.326672684688674e-17, -0.7093328838383234, -0.7048736481849834]], [-0.08174675536254018, 0.0436945760490047, 0.09434319390886656], [[-0.471396943193231, -0.6216429812616167, 0.6255756755151588], [-0.8819211540427399, 0.332275283091862, -0.33437735314782485], [8.326672684688674e-17, -0.7093328838383234, -0.7048736481849834]]], [0.0159422158962535, [-0.00042191754556953525, 0.00022552013978747098, 0.0027096196448187114], [[-0.4713969431932309, -0.6255756755151586, -0.621642981261617], [-0.8819211540427399, 0.33437735314782463, 0.33227528309186216], [2.7755575615628914e-17, 0.7048736481849835, -0.7093328838383232]], [0.08039167001844066, -0.04297026666215461, 0.09492289454380072], [[-0.4713969431932309, -0.6255756755151586, -0.621642981261617], [-0.8819211540427399, 0.33437735314782463, 0.33227528309186216], [2.7755575615628914e-17, 0.7048736481849835, -0.7093328838383232]]], [0.0159422158962535, [-0.00042191754556953525, 0.00022552013978747098, 0.0027096196448187114], [[-0.47139694319323083, -0.3400640928705147, -0.8137206736271555], [-0.8819211540427396, 0.18176814688489815, 0.43494300641572825], [-2.7755575615628914e-17, 0.9226682792413446, -0.385594666044301]], [0.10536177002596067, -0.056317070694257204, 0.05283692623057784], [[-0.47139694319323083, -0.3400640928705147, -0.8137206736271555], [-0.8819211540427396, 0.18176814688489815, 0.43494300641572825], [-2.7755575615628914e-17, 0.9226682792413446, -0.385594666044301]]], [0.0159422158962535, [-0.00042191754556953525, 0.00022552013978747098, 0.0027096196448187114], [[-0.47139694319323094, -0.00278083477501344, -0.8819167698292351], [-0.8819211540427396, 0.0014863879911006723, 0.47139459978097137], [2.6020852139652106e-18, 0.9999950287919904, -0.00315315576938603]], [0.11422726253223102, -0.06105577783173881, 0.003119529894838895], [[-0.47139694319323094, -0.00278083477501344, -0.8819167698292351], [-0.8819211540427396, 0.0014863879911006723, 0.47139459978097137], [2.6020852139652106e-18, 0.9999950287919904, -0.00315315576938603]]], [0.01594221577993673, [-0.0004361150507019699, 0.00023310893346895414, 0.015144427311384044], [[0.4713969431932309, -0.3349257802066544, -0.81584903242024], [0.8819211540427399, 0.17902166000020167, 0.43608063853224943], [2.7755575615628914e-17, -0.9250816001865652, 0.3797683938879906]], [0.10562425916392923, -0.056457374075723474, -0.03422546389405474], [[0.4713969431932309, -0.3349257802066544, -0.81584903242024], [0.8819211540427399, 0.17902166000020167, 0.43608063853224943], [2.7755575615628914e-17, -0.9250816001865652, 0.3797683938879906]]], [0.01594221577993673, [-0.0004361150507019699, 0.00023310893346895414, 0.015144427311384044], [[0.4713969431932309, -0.6216429812616165, -0.6255756755151588], [0.8819211540427396, 0.332275283091862, 0.3343773531478248], [0.0, -0.7093328838383232, 0.7048736481849834]], [0.08088872276626867, -0.04323594697574827, -0.0764891469526638], [[0.4713969431932309, -0.6216429812616165, -0.6255756755151588], [0.8819211540427396, 0.332275283091862, 0.3343773531478248], [0.0, -0.7093328838383232, 0.7048736481849834]]], [0.01594221577993673, [-0.0004361150507019699, 0.00023310893346895414, 0.015144427311384044], [[0.47139694319323083, -0.8137206736271555, -0.3400640928705146], [0.8819211540427396, 0.43494300641572825, 0.18176814688489806], [2.7755575615628914e-17, -0.38559466604430076, 0.9226682792413448]], [0.04377221702246493, -0.023396750161567795, -0.10480244898999078], [[0.47139694319323083, -0.8137206736271555, -0.3400640928705146], [0.8819211540427396, 0.43494300641572825, 0.18176814688489806], [2.7755575615628914e-17, -0.38559466604430076, 0.9226682792413448]]], [0.01594221577993673, [-0.0004361150507019699, 0.00023310893346895414, 0.015144427311384044], [[0.4713969431932309, -0.881916769829235, -0.002780834775012998], [0.8819211540427397, 0.4713945997809712, 0.0014863879911003965], [3.209238430557093e-17, -0.00315315576938551, 0.9999950287919906]], [-7.460652995028012e-05, 3.98784946259026e-05, -0.11485492643157474], [[0.4713969431932309, -0.881916769829235, -0.002780834775012998], [0.8819211540427397, 0.4713945997809712, 0.0014863879911003965], [3.209238430557093e-17, -0.00315315576938551, 0.9999950287919906]]], [0.01594221577993673, [-0.0004361150507019699, 0.00023310893346895414, 0.015144427311384044], [[0.4713969431932311, -0.8158490324202399, 0.33492578020665437], [0.8819211540427396, 0.4360806385322496, -0.17902166000020164], [-5.551115123125783e-17, 0.37976839388799055, 0.9250816001865653]], [-0.04397646647756704, 0.02350592473349517, -0.10511618071286945], [[0.4713969431932311, -0.8158490324202399, 0.33492578020665437], [0.8819211540427396, 0.4360806385322496, -0.17902166000020164], [-5.551115123125783e-17, 0.37976839388799055, 0.9250816001865653]]], [0.01594221577993673, [-0.0004361150507019699, 0.00023310893346895414, 0.015144427311384044], [[0.47139694319323094, -0.6255756755151588, 0.6216429812616167], [0.8819211540427397, 0.33437735314782474, -0.3322752830918621], [8.326672684688674e-17, 0.7048736481849833, 0.7093328838383234]], [-0.08124970261471214, 0.04342889573541103, -0.077068847587598], [[0.47139694319323094, -0.6255756755151588, 0.6216429812616167], [0.8819211540427397, 0.33437735314782474, -0.3322752830918621], [8.326672684688674e-17, 0.7048736481849833, 0.7093328838383234]]], [0.01594221577993673, [-0.0004361150507019699, 0.00023310893346895414, 0.015144427311384044], [[0.4713969431932309, -0.3400640928705147, 0.8137206736271555], [0.8819211540427397, 0.18176814688489817, -0.43494300641572825], [0.0, 0.9226682792413448, 0.38559466604430087]], [-0.10621980262223218, 0.056775699767513635, -0.03498287927437507], [[0.4713969431932309, -0.3400640928705147, 0.8137206736271555], [0.8819211540427397, 0.18176814688489817, -0.43494300641572825], [0.0, 0.9226682792413448, 0.38559466604430087]]], [0.01594221577993673, [-0.0004361150507019699, 0.00023310893346895414, 0.015144427311384044], [[0.471396943193231, -0.0027808347750130297, 0.8819167698292351], [0.8819211540427397, 0.0014863879911004437, -0.47139459978097137], [5.637851296924623e-18, 0.9999950287919905, 0.0031531557693855864]], [-0.11508529512850253, 0.06151440690499524, 0.014734517061363918], [[0.471396943193231, -0.0027808347750130297, 0.8819167698292351], [0.8819211540427397, 0.0014863879911004437, -0.47139459978097137], [5.637851296924623e-18, 0.9999950287919905, 0.0031531557693855864]]], [0.01594221577993673, [-0.0004361150507019699, 0.00023310893346895414, 0.015144427311384044], [[0.4713969431932309, 0.3349257802066543, 0.81584903242024], [0.8819211540427397, -0.1790216600002016, -0.4360806385322495], [-2.7755575615628914e-17, 0.9250816001865652, -0.37976839388799055]], [-0.10649648926533317, 0.05692359194266139, 0.06451431851682282], [[0.4713969431932309, 0.3349257802066543, 0.81584903242024], [0.8819211540427397, -0.1790216600002016, -0.4360806385322495], [-2.7755575615628914e-17, 0.9250816001865652, -0.37976839388799055]]], [0.01594221577993673, [-0.0004361150507019699, 0.00023310893346895414, 0.015144427311384044], [[0.471396943193231, 0.6216429812616167, 0.6255756755151588], [0.8819211540427399, -0.332275283091862, -0.33437735314782485], [-8.326672684688674e-17, 0.7093328838383234, -0.7048736481849834]], [-0.08176095286767261, 0.043702164842686186, 0.1067780015754319], [[0.471396943193231, 0.6216429812616167, 0.6255756755151588], [0.8819211540427399, -0.332275283091862, -0.33437735314782485], [-8.326672684688674e-17, 0.7093328838383234, -0.7048736481849834]]], [0.01594221577993673, [-0.0004361150507019699, 0.00023310893346895414, 0.015144427311384044], [[0.4713969431932309, 0.6255756755151586, -0.621642981261617], [0.8819211540427399, -0.33437735314782463, 0.33227528309186216], [-2.7755575615628914e-17, -0.7048736481849835, -0.7093328838383232]], [0.08037747251330823, -0.04296267786847313, 0.10735770221036606], [[0.4713969431932309, 0.6255756755151586, -0.621642981261617], [0.8819211540427399, -0.33437735314782463, 0.33227528309186216], [-2.7755575615628914e-17, -0.7048736481849835, -0.7093328838383232]]], [0.01594221577993673, [-0.0004361150507019699, 0.00023310893346895414, 0.015144427311384044], [[0.47139694319323083, 0.3400640928705147, -0.8137206736271555], [0.8819211540427396, -0.18176814688489815, 0.43494300641572825], [2.7755575615628914e-17, -0.9226682792413446, -0.385594666044301]], [0.10534757252082824, -0.05630948190057572, 0.06527173389714318], [[0.47139694319323083, 0.3400640928705147, -0.8137206736271555], [0.8819211540427396, -0.18176814688489815, 0.43494300641572825], [2.7755575615628914e-17, -0.9226682792413446, -0.385594666044301]]], [0.01594221577993673, [-0.0004361150507019699, 0.00023310893346895414, 0.015144427311384044], [[0.47139694319323094, 0.00278083477501344, -0.8819167698292351], [0.8819211540427396, -0.0014863879911006723, 0.47139459978097137], [-2.6020852139652106e-18, -0.9999950287919904, -0.00315315576938603]], [0.11421306502709859, -0.061048189038057324, 0.015554337561404228], [[0.47139694319323094, 0.00278083477501344, -0.8819167698292351], [0.8819211540427396, -0.0014863879911006723, 0.47139459978097137], [-2.6020852139652106e-18, -0.9999950287919904, -0.00315315576938603]]], [0.01594221577993673, [-0.0004361150507019699, 0.00023310893346895414, 0.015144427311384044], [[-0.4713969431932309, 0.3349257802066544, -0.81584903242024], [-0.8819211540427399, -0.17902166000020167, 0.43608063853224943], [-2.7755575615628914e-17, 0.9250816001865652, 0.3797683938879906]], [0.10562425916392923, -0.056457374075723474, -0.03422546389405474], [[-0.4713969431932309, 0.3349257802066544, -0.81584903242024], [-0.8819211540427399, -0.17902166000020167, 0.43608063853224943], [-2.7755575615628914e-17, 0.9250816001865652, 0.3797683938879906]]], [0.01594221577993673, [-0.0004361150507019699, 0.00023310893346895414, 0.015144427311384044], [[-0.4713969431932309, 0.6216429812616165, -0.6255756755151588], [-0.8819211540427396, -0.332275283091862, 0.3343773531478248], [0.0, 0.7093328838383232, 0.7048736481849834]], [0.08088872276626867, -0.04323594697574827, -0.0764891469526638], [[-0.4713969431932309, 0.6216429812616165, -0.6255756755151588], [-0.8819211540427396, -0.332275283091862, 0.3343773531478248], [0.0, 0.7093328838383232, 0.7048736481849834]]], [0.01594221577993673, [-0.0004361150507019699, 0.00023310893346895414, 0.015144427311384044], [[-0.47139694319323083, 0.8137206736271555, -0.3400640928705146], [-0.8819211540427396, -0.43494300641572825, 0.18176814688489806], [-2.7755575615628914e-17, 0.38559466604430076, 0.9226682792413448]], [0.04377221702246493, -0.023396750161567795, -0.10480244898999078], [[-0.47139694319323083, 0.8137206736271555, -0.3400640928705146], [-0.8819211540427396, -0.43494300641572825, 0.18176814688489806], [-2.7755575615628914e-17, 0.38559466604430076, 0.9226682792413448]]], [0.01594221577993673, [-0.0004361150507019699, 0.00023310893346895414, 0.015144427311384044], [[-0.4713969431932309, 0.881916769829235, -0.002780834775012998], [-0.8819211540427397, -0.4713945997809712, 0.0014863879911003965], [-3.209238430557093e-17, 0.00315315576938551, 0.9999950287919906]], [-7.460652995028012e-05, 3.98784946259026e-05, -0.11485492643157474], [[-0.4713969431932309, 0.881916769829235, -0.002780834775012998], [-0.8819211540427397, -0.4713945997809712, 0.0014863879911003965], [-3.209238430557093e-17, 0.00315315576938551, 0.9999950287919906]]], [0.01594221577993673, [-0.0004361150507019699, 0.00023310893346895414, 0.015144427311384044], [[-0.4713969431932311, 0.8158490324202399, 0.33492578020665437], [-0.8819211540427396, -0.4360806385322496, -0.17902166000020164], [5.551115123125783e-17, -0.37976839388799055, 0.9250816001865653]], [-0.04397646647756704, 0.02350592473349517, -0.10511618071286945], [[-0.4713969431932311, 0.8158490324202399, 0.33492578020665437], [-0.8819211540427396, -0.4360806385322496, -0.17902166000020164], [5.551115123125783e-17, -0.37976839388799055, 0.9250816001865653]]], [0.01594221577993673, [-0.0004361150507019699, 0.00023310893346895414, 0.015144427311384044], [[-0.47139694319323094, 0.6255756755151588, 0.6216429812616167], [-0.8819211540427397, -0.33437735314782474, -0.3322752830918621], [-8.326672684688674e-17, -0.7048736481849833, 0.7093328838383234]], [-0.08124970261471214, 0.04342889573541103, -0.077068847587598], [[-0.47139694319323094, 0.6255756755151588, 0.6216429812616167], [-0.8819211540427397, -0.33437735314782474, -0.3322752830918621], [-8.326672684688674e-17, -0.7048736481849833, 0.7093328838383234]]], [0.01594221577993673, [-0.0004361150507019699, 0.00023310893346895414, 0.015144427311384044], [[-0.4713969431932309, 0.3400640928705147, 0.8137206736271555], [-0.8819211540427397, -0.18176814688489817, -0.43494300641572825], [0.0, -0.9226682792413448, 0.38559466604430087]], [-0.10621980262223218, 0.056775699767513635, -0.03498287927437507], [[-0.4713969431932309, 0.3400640928705147, 0.8137206736271555], [-0.8819211540427397, -0.18176814688489817, -0.43494300641572825], [0.0, -0.9226682792413448, 0.38559466604430087]]], [0.01594221577993673, [-0.0004361150507019699, 0.00023310893346895414, 0.015144427311384044], [[-0.471396943193231, 0.0027808347750130297, 0.8819167698292351], [-0.8819211540427397, -0.0014863879911004437, -0.47139459978097137], [-5.637851296924623e-18, -0.9999950287919905, 0.0031531557693855864]], [-0.11508529512850253, 0.06151440690499524, 0.014734517061363918], [[-0.471396943193231, 0.0027808347750130297, 0.8819167698292351], [-0.8819211540427397, -0.0014863879911004437, -0.47139459978097137], [-5.637851296924623e-18, -0.9999950287919905, 0.0031531557693855864]]], [0.01594221577993673, [-0.0004361150507019699, 0.00023310893346895414, 0.015144427311384044], [[-0.4713969431932309, -0.3349257802066543, 0.81584903242024], [-0.8819211540427397, 0.1790216600002016, -0.4360806385322495], [2.7755575615628914e-17, -0.9250816001865652, -0.37976839388799055]], [-0.10649648926533317, 0.05692359194266139, 0.06451431851682282], [[-0.4713969431932309, -0.3349257802066543, 0.81584903242024], [-0.8819211540427397, 0.1790216600002016, -0.4360806385322495], [2.7755575615628914e-17, -0.9250816001865652, -0.37976839388799055]]], [0.01594221577993673, [-0.0004361150507019699, 0.00023310893346895414, 0.015144427311384044], [[-0.471396943193231, -0.6216429812616167, 0.6255756755151588], [-0.8819211540427399, 0.332275283091862, -0.33437735314782485], [8.326672684688674e-17, -0.7093328838383234, -0.7048736481849834]], [-0.08176095286767261, 0.043702164842686186, 0.1067780015754319], [[-0.471396943193231, -0.6216429812616167, 0.6255756755151588], [-0.8819211540427399, 0.332275283091862, -0.33437735314782485], [8.326672684688674e-17, -0.7093328838383234, -0.7048736481849834]]], [0.01594221577993673, [-0.0004361150507019699, 0.00023310893346895414, 0.015144427311384044], [[-0.4713969431932309, -0.6255756755151586, -0.621642981261617], [-0.8819211540427399, 0.33437735314782463, 0.33227528309186216], [2.7755575615628914e-17, 0.7048736481849835, -0.7093328838383232]], [0.08037747251330823, -0.04296267786847313, 0.10735770221036606], [[-0.4713969431932309, -0.6255756755151586, -0.621642981261617], [-0.8819211540427399, 0.33437735314782463, 0.33227528309186216], [2.7755575615628914e-17, 0.7048736481849835, -0.7093328838383232]]], [0.01594221577993673, [-0.0004361150507019699, 0.00023310893346895414, 0.015144427311384044], [[-0.47139694319323083, -0.3400640928705147, -0.8137206736271555], [-0.8819211540427396, 0.18176814688489815, 0.43494300641572825], [-2.7755575615628914e-17, 0.9226682792413446, -0.385594666044301]], [0.10534757252082824, -0.05630948190057572, 0.06527173389714318], [[-0.47139694319323083, -0.3400640928705147, -0.8137206736271555], [-0.8819211540427396, 0.18176814688489815, 0.43494300641572825], [-2.7755575615628914e-17, 0.9226682792413446, -0.385594666044301]]], [0.01594221577993673, [-0.0004361150507019699, 0.00023310893346895414, 0.015144427311384044], [[-0.47139694319323094, -0.00278083477501344, -0.8819167698292351], [-0.8819211540427396, 0.0014863879911006723, 0.47139459978097137], [2.6020852139652106e-18, 0.9999950287919904, -0.00315315576938603]], [0.11421306502709859, -0.061048189038057324, 0.015554337561404228], [[-0.47139694319323094, -0.00278083477501344, -0.8819167698292351], [-0.8819211540427396, 0.0014863879911006723, 0.47139459978097137], [2.6020852139652106e-18, 0.9999950287919904, -0.00315315576938603]]], [0.015942216951656984, [1.68567328553363e-06, -5.55742120073911e-06, 0.009343631614445], [[0.9569404205483822, 0.16101903253934804, -0.2415324050324878], [0.29028439765286274, -0.5308091718341713, 0.7962264700297498], [2.7755575615628914e-17, -0.8320543817905255, -0.5546940649972617]], [0.03140089832750895, -0.10351499852506822, 0.08145386006408903], [[0.9569404205483822, 0.16101903253934804, -0.2415324050324878], [0.29028439765286274, -0.5308091718341713, 0.7962264700297498], [2.7755575615628914e-17, -0.8320543817905255, -0.5546940649972617]]], [0.015942216951656984, [1.68567328553363e-06, -5.55742120073911e-06, 0.009343631614445], [[0.9569404205483824, 0.05633173872264501, -0.2847661614960054], [0.29028439765286285, -0.1857010510359335, 0.9387492147125687], [1.3877787807814457e-17, -0.9809902419782948, -0.19405706671844428]], [0.03702128666776624, -0.12204295533383468, 0.034571050287842756], [[0.9569404205483824, 0.05633173872264501, -0.2847661614960054], [0.29028439765286285, -0.1857010510359335, 0.9387492147125687], [1.3877787807814457e-17, -0.9809902419782948, -0.19405706671844428]]], [0.015942216951656984, [1.68567328553363e-06, -5.55742120073911e-06, 0.009343631614445], [[0.9569404205483821, -0.05693155166609759, -0.2846468512834383], [0.2902843976528628, 0.18767837139830557, 0.9383559012382212], [2.7755575615628914e-17, -0.9805792305235564, 0.19612336083656592]], [0.03700577634013252, -0.1219918245821695, -0.016152405294308572], [[0.9569404205483821, -0.05693155166609759, -0.2846468512834383], [0.2902843976528628, 0.18767837139830557, 0.9383559012382212], [2.7755575615628914e-17, -0.9805792305235564, 0.19612336083656592]]], [0.015942216951656984, [1.68567328553363e-06, -5.55742120073911e-06, 0.009343631614445], [[0.9569404205483822, -0.16152752939947784, -0.24119263829310006], [0.2902843976528628, 0.5324854630958259, 0.7951064080177813], [2.7755575615628914e-17, -0.8308839201944666, 0.5564457845669022]], [0.03135672865138854, -0.10336939046351232, -0.06299432037925229], [[0.9569404205483822, -0.16152752939947784, -0.24119263829310006], [0.2902843976528628, 0.5324854630958259, 0.7951064080177813], [2.7755575615628914e-17, -0.8308839201944666, 0.5564457845669022]]], [0.015942216951656984, [1.68567328553363e-06, -5.55742120073911e-06, 0.009343631614445], [[0.9569404205483822, -0.24153240503248782, -0.16101903253934802], [0.2902843976528628, 0.7962264700297497, 0.5308091718341713], [-2.7755575615628914e-17, -0.5546940649972617, 0.8320543817905255]], [0.020934159903400775, -0.06901074975964301, -0.09882343801832331], [[0.9569404205483822, -0.24153240503248782, -0.16101903253934802], [0.2902843976528628, 0.7962264700297497, 0.5308091718341713], [-2.7755575615628914e-17, -0.5546940649972617, 0.8320543817905255]]], [0.015942216951656984, [1.68567328553363e-06, -5.55742120073911e-06, 0.009343631614445], [[0.9569404205483822, -0.2847661614960054, -0.05633173872264498], [0.2902843976528628, 0.9387492147125686, 0.18570105103593348], [-1.3877787807814457e-17, -0.19405706671844425, 0.9809902419782948]], [0.007324811707229381, -0.024146694055872095, -0.11818509984273333], [[0.9569404205483822, -0.2847661614960054, -0.05633173872264498], [0.2902843976528628, 0.9387492147125686, 0.18570105103593348], [-1.3877787807814457e-17, -0.19405706671844425, 0.9809902419782948]]], [0.015942216951656984, [1.68567328553363e-06, -5.55742120073911e-06, 0.009343631614445], [[0.9569404205483822, -0.2846468512834383, 0.056931551666097584], [0.29028439765286285, 0.9383559012382212, -0.18767837139830548], [1.3877787807814457e-17, 0.19612336083656584, 0.9805792305235566]], [-0.007399416043307153, 0.02439263086057897, -0.11813166835361737], [[0.9569404205483822, -0.2846468512834383, 0.056931551666097584], [0.29028439765286285, 0.9383559012382212, -0.18767837139830548], [1.3877787807814457e-17, 0.19612336083656584, 0.9805792305235566]]], [0.015942216951656984, [1.68567328553363e-06, -5.55742120073911e-06, 0.009343631614445], [[0.9569404205483822, -0.24119263829310011, 0.16152752939947787], [0.29028439765286285, 0.7951064080177813, -0.5324854630958259], [2.7755575615628914e-17, 0.5564457845669022, 0.8308839201944666]], [-0.02099689314864659, 0.06921755278125663, -0.09867127801083565], [[0.9569404205483822, -0.24119263829310011, 0.16152752939947787], [0.29028439765286285, 0.7951064080177813, -0.5324854630958259], [2.7755575615628914e-17, 0.5564457845669022, 0.8308839201944666]]], [0.015942216951656984, [1.68567328553363e-06, -5.55742120073911e-06, 0.009343631614445], [[0.9569404205483822, -0.16101903253934807, 0.24153240503248785], [0.29028439765286285, 0.5308091718341714, -0.7962264700297497], [0.0, 0.8320543817905255, 0.5546940649972618]], [-0.03139752698093789, 0.10350388368266672, -0.06276659683519904], [[0.9569404205483822, -0.16101903253934807, 0.24153240503248785], [0.29028439765286285, 0.5308091718341714, -0.7962264700297497], [0.0, 0.8320543817905255, 0.5546940649972618]]], [0.015942216951656984, [1.68567328553363e-06, -5.55742120073911e-06, 0.009343631614445], [[0.9569404205483822, -0.056331738722645075, 0.2847661614960054], [0.2902843976528628, 0.18570105103593373, -0.9387492147125686], [6.938893903907228e-18, 0.9809902419782947, 0.1940570667184445]], [-0.03701791532119517, 0.12203184049143317, -0.015883787058952787], [[0.9569404205483822, -0.056331738722645075, 0.2847661614960054], [0.2902843976528628, 0.18570105103593373, -0.9387492147125686], [6.938893903907228e-18, 0.9809902419782947, 0.1940570667184445]]], [0.015942216951656984, [1.68567328553363e-06, -5.55742120073911e-06, 0.009343631614445], [[0.956940420548382, 0.05693155166609758, 0.2846468512834383], [0.29028439765286274, -0.18767837139830534, -0.9383559012382212], [-2.7755575615628914e-17, 0.9805792305235564, -0.1961233608365657]], [-0.03700240499356145, 0.12198070973976802, 0.034839668523198544], [[0.956940420548382, 0.05693155166609758, 0.2846468512834383], [0.29028439765286274, -0.18767837139830534, -0.9383559012382212], [-2.7755575615628914e-17, 0.9805792305235564, -0.1961233608365657]]], [0.015942216951656984, [1.68567328553363e-06, -5.55742120073911e-06, 0.009343631614445], [[0.9569404205483822, 0.16152752939947768, 0.24119263829310025], [0.29028439765286285, -0.5324854630958252, -0.7951064080177818], [2.7755575615628914e-17, 0.830883920194467, -0.5564457845669015]], [-0.0313533573048175, 0.10335827562111088, 0.0816815836081422], [[0.9569404205483822, 0.16152752939947768, 0.24119263829310025], [0.29028439765286285, -0.5324854630958252, -0.7951064080177818], [2.7755575615628914e-17, 0.830883920194467, -0.5564457845669015]]], [0.015942216951656984, [1.68567328553363e-06, -5.55742120073911e-06, 0.009343631614445], [[0.9569404205483822, 0.2415324050324878, 0.16101903253934813], [0.29028439765286285, -0.7962264700297496, -0.5308091718341714], [5.551115123125783e-17, 0.5546940649972619, -0.8320543817905255]], [-0.020930788556829723, 0.06899963491724154, 0.11751070124721331], [[0.9569404205483822, 0.2415324050324878, 0.16101903253934813], [0.29028439765286285, -0.7962264700297496, -0.5308091718341714], [5.551115123125783e-17, 0.5546940649972619, -0.8320543817905255]]], [0.015942216951656984, [1.68567328553363e-06, -5.55742120073911e-06, 0.009343631614445], [[0.9569404205483822, 0.2411926382931002, -0.16152752939947768], [0.29028439765286285, -0.7951064080177817, 0.5324854630958253], [2.7755575615628914e-17, -0.5564457845669015, -0.830883920194467]], [0.021000264495217632, -0.06922866762365804, 0.11735854123972571], [[0.9569404205483822, 0.2411926382931002, -0.16152752939947768], [0.29028439765286285, -0.7951064080177817, 0.5324854630958253], [2.7755575615628914e-17, -0.5564457845669015, -0.830883920194467]]], [0.015942216951656984, [1.68567328553363e-06, -5.55742120073911e-06, 0.009343631614445], [[-0.9569404205483822, -0.16101903253934804, -0.2415324050324878], [-0.29028439765286274, 0.5308091718341713, 0.7962264700297498], [-2.7755575615628914e-17, 0.8320543817905255, -0.5546940649972617]], [0.03140089832750895, -0.10351499852506822, 0.08145386006408903], [[-0.9569404205483822, -0.16101903253934804, -0.2415324050324878], [-0.29028439765286274, 0.5308091718341713, 0.7962264700297498], [-2.7755575615628914e-17, 0.8320543817905255, -0.5546940649972617]]], [0.015942216951656984, [1.68567328553363e-06, -5.55742120073911e-06, 0.009343631614445], [[-0.9569404205483824, -0.05633173872264501, -0.2847661614960054], [-0.29028439765286285, 0.1857010510359335, 0.9387492147125687], [-1.3877787807814457e-17, 0.9809902419782948, -0.19405706671844428]], [0.03702128666776624, -0.12204295533383468, 0.034571050287842756], [[-0.9569404205483824, -0.05633173872264501, -0.2847661614960054], [-0.29028439765286285, 0.1857010510359335, 0.9387492147125687], [-1.3877787807814457e-17, 0.9809902419782948, -0.19405706671844428]]], [0.015942216951656984, [1.68567328553363e-06, -5.55742120073911e-06, 0.009343631614445], [[-0.9569404205483821, 0.05693155166609759, -0.2846468512834383], [-0.2902843976528628, -0.18767837139830557, 0.9383559012382212], [-2.7755575615628914e-17, 0.9805792305235564, 0.19612336083656592]], [0.03700577634013252, -0.1219918245821695, -0.016152405294308572], [[-0.9569404205483821, 0.05693155166609759, -0.2846468512834383], [-0.2902843976528628, -0.18767837139830557, 0.9383559012382212], [-2.7755575615628914e-17, 0.9805792305235564, 0.19612336083656592]]], [0.015942216951656984, [1.68567328553363e-06, -5.55742120073911e-06, 0.009343631614445], [[-0.9569404205483822, 0.16152752939947784, -0.24119263829310006], [-0.2902843976528628, -0.5324854630958259, 0.7951064080177813], [-2.7755575615628914e-17, 0.8308839201944666, 0.5564457845669022]], [0.03135672865138854, -0.10336939046351232, -0.06299432037925229], [[-0.9569404205483822, 0.16152752939947784, -0.24119263829310006], [-0.2902843976528628, -0.5324854630958259, 0.7951064080177813], [-2.7755575615628914e-17, 0.8308839201944666, 0.5564457845669022]]], [0.015942216951656984, [1.68567328553363e-06, -5.55742120073911e-06, 0.009343631614445], [[-0.9569404205483822, 0.24153240503248782, -0.16101903253934802], [-0.2902843976528628, -0.7962264700297497, 0.5308091718341713], [2.7755575615628914e-17, 0.5546940649972617, 0.8320543817905255]], [0.020934159903400775, -0.06901074975964301, -0.09882343801832331], [[-0.9569404205483822, 0.24153240503248782, -0.16101903253934802], [-0.2902843976528628, -0.7962264700297497, 0.5308091718341713], [2.7755575615628914e-17, 0.5546940649972617, 0.8320543817905255]]], [0.015942216951656984, [1.68567328553363e-06, -5.55742120073911e-06, 0.009343631614445], [[-0.9569404205483822, 0.2847661614960054, -0.05633173872264498], [-0.2902843976528628, -0.9387492147125686, 0.18570105103593348], [1.3877787807814457e-17, 0.19405706671844425, 0.9809902419782948]], [0.007324811707229381, -0.024146694055872095, -0.11818509984273333], [[-0.9569404205483822, 0.2847661614960054, -0.05633173872264498], [-0.2902843976528628, -0.9387492147125686, 0.18570105103593348], [1.3877787807814457e-17, 0.19405706671844425, 0.9809902419782948]]], [0.015942216951656984, [1.68567328553363e-06, -5.55742120073911e-06, 0.009343631614445], [[-0.9569404205483822, 0.2846468512834383, 0.056931551666097584], [-0.29028439765286285