[[0.018000000000000002, [0.0, 0.0, 0.097], [[1.0, 1.2246467991473532e-16, 0.0], [1.2246467991473532e-16, -1.0, 0.0], [0.0, 0.0, -1.0]], [0.0, 0.0, 0.247], [[1.0, 1.2246467991473532e-16, 0.0], [1.2246467991473532e-16, -1.0, 0.0], [0.0, 0.0, -1.0]]], [0.018000000000000002, [0.0, 0.0, 0.097], [[0.9659258262890682, 0.258819045102521, 0.0], [0.258819045102521, -0.9659258262890682, 0.0], [0.0, 0.0, -1.0]], [0.0, 0.0, 0.247], [[0.9659258262890682, 0.258819045102521, 0.0], [0.258819045102521, -0.9659258262890682, 0.0], [0.0, 0.0, -1.0]]], [0.018000000000000002, [0.0, 0.0, 0.097], [[0.8660254037844384, 0.5000000000000003, 0.0], [0.5000000000000003, -0.8660254037844384, 0.0], [0.0, 0.0, -1.0]], [0.0, 0.0, 0.247], [[0.8660254037844384, 0.5000000000000003, 0.0], [0.5000000000000003, -0.8660254037844384, 0.0], [0.0, 0.0, -1.0]]], [0.018000000000000002, [0.0, 0.0, 0.097], [[0.7071067811865472, 0.707106781186548, 0.0], [0.707106781186548, -0.7071067811865472, 0.0], [0.0, 0.0, -1.0]], [0.0, 0.0, 0.247], [[0.7071067811865472, 0.707106781186548, 0.0], [0.707106781186548, -0.7071067811865472, 0.0], [0.0, 0.0, -1.0]]], [0.018000000000000002, [0.0, 0.0, 0.097], [[0.49999999999999933, 0.866025403784439, 0.0], [0.866025403784439, -0.49999999999999933, 0.0], [0.0, 0.0, -1.0]], [0.0, 0.0, 0.247], [[0.49999999999999933, 0.866025403784439, 0.0], [0.866025403784439, -0.49999999999999933, 0.0], [0.0, 0.0, -1.0]]], [0.018000000000000002, [0.0, 0.0, 0.097], [[0.25881904510252, 0.9659258262890685, 0.0], [0.9659258262890685, -0.25881904510252, 0.0], [0.0, 0.0, -1.0]], [0.0, 0.0, 0.247], [[0.25881904510252, 0.9659258262890685, 0.0], [0.9659258262890685, -0.25881904510252, 0.0], [0.0, 0.0, -1.0]]], [0.018000000000000002, [0.0, 0.0, 0.097], [[-7.216449660063518e-16, 1.0, 0.0], [1.0, 7.216449660063518e-16, 0.0], [0.0, 0.0, -1.0]], [0.0, 0.0, 0.247], [[-7.216449660063518e-16, 1.0, 0.0], [1.0, 7.216449660063518e-16, 0.0], [0.0, 0.0, -1.0]]], [0.018000000000000002, [0.0, 0.0, 0.097], [[-0.25881904510252185, 0.965925826289068, 0.0], [0.965925826289068, 0.25881904510252185, 0.0], [0.0, 0.0, -1.0]], [0.0, 0.0, 0.247], [[-0.25881904510252185, 0.965925826289068, 0.0], [0.965925826289068, 0.25881904510252185, 0.0], [0.0, 0.0, -1.0]]], [0.018000000000000002, [0.0, 0.0, 0.097], [[-0.5000000000000011, 0.8660254037844382, 0.0], [0.8660254037844382, 0.5000000000000011, 0.0], [0.0, 0.0, -1.0]], [0.0, 0.0, 0.247], [[-0.5000000000000011, 0.8660254037844382, 0.0], [0.8660254037844382, 0.5000000000000011, 0.0], [0.0, 0.0, -1.0]]], [0.018000000000000002, [0.0, 0.0, 0.097], [[-0.7071067811865487, 0.7071067811865466, 0.0], [0.7071067811865466, 0.7071067811865487, 0.0], [0.0, 0.0, -1.0]], [0.0, 0.0, 0.247], [[-0.7071067811865487, 0.7071067811865466, 0.0], [0.7071067811865466, 0.7071067811865487, 0.0], [0.0, 0.0, -1.0]]], [0.018000000000000002, [0.0, 0.0, 0.097], [[-0.8660254037844395, 0.49999999999999856, 0.0], [0.49999999999999856, 0.8660254037844395, 0.0], [0.0, 0.0, -1.0]], [0.0, 0.0, 0.247], [[-0.8660254037844395, 0.49999999999999856, 0.0], [0.49999999999999856, 0.8660254037844395, 0.0], [0.0, 0.0, -1.0]]], [0.018000000000000002, [0.0, 0.0, 0.097], [[-0.9659258262890689, 0.2588190451025192, 0.0], [0.2588190451025192, 0.9659258262890689, 0.0], [0.0, 0.0, -1.0]], [0.0, 0.0, 0.247], [[-0.9659258262890689, 0.2588190451025192, 0.0], [0.2588190451025192, 0.9659258262890689, 0.0], [0.0, 0.0, -1.0]]], [0.018000000000000002, [0.0, 0.0, 0.097], [[-1.0, -1.7763568394002505e-15, 0.0], [-1.7763568394002505e-15, 1.0, 0.0], [-0.0, 0.0, -1.0]], [0.0, 0.0, 0.247], [[-1.0, -1.7763568394002505e-15, 0.0], [-1.7763568394002505e-15, 1.0, 0.0], [0.0, 0.0, -1.0]]], [0.018000000000000002, [0.0, 0.0, 0.097], [[-0.9659258262890678, -0.2588190451025226, 0.0], [-0.2588190451025226, 0.9659258262890678, 0.0], [-0.0, 0.0, -1.0]], [0.0, 0.0, 0.247], [[-0.9659258262890678, -0.2588190451025226, 0.0], [-0.2588190451025226, 0.9659258262890678, 0.0], [0.0, 0.0, -1.0]]], [0.018000000000000002, [0.0, 0.0, 0.097], [[-0.8660254037844376, -0.5000000000000018, 0.0], [-0.5000000000000018, 0.8660254037844376, 0.0], [-0.0, 0.0, -1.0]], [0.0, 0.0, 0.247], [[-0.8660254037844376, -0.5000000000000018, 0.0], [-0.5000000000000018, 0.8660254037844376, 0.0], [0.0, 0.0, -1.0]]], [0.018000000000000002, [0.0, 0.0, 0.097], [[-0.707106781186546, -0.7071067811865491, 0.0], [-0.7071067811865491, 0.707106781186546, 0.0], [-0.0, 0.0, -1.0]], [0.0, 0.0, 0.247], [[-0.707106781186546, -0.7071067811865491, 0.0], [-0.7071067811865491, 0.707106781186546, 0.0], [0.0, 0.0, -1.0]]], [0.018000000000000002, [0.0, 0.0, 0.097], [[-0.499999999999998, -0.8660254037844398, 0.0], [-0.8660254037844398, 0.499999999999998, 0.0], [-0.0, 0.0, -1.0]], [0.0, 0.0, 0.247], [[-0.499999999999998, -0.8660254037844398, 0.0], [-0.8660254037844398, 0.499999999999998, 0.0], [0.0, 0.0, -1.0]]], [0.018000000000000002, [0.0, 0.0, 0.097], [[-0.25881904510251885, -0.965925826289069, 0.0], [-0.965925826289069, 0.25881904510251885, 0.0], [-0.0, 0.0, -1.0]], [0.0, 0.0, 0.247], [[-0.25881904510251885, -0.965925826289069, 0.0], [-0.965925826289069, 0.25881904510251885, 0.0], [0.0, 0.0, -1.0]]], [0.018000000000000002, [0.0, 0.0, 0.097], [[2.6645352591003757e-15, -1.0, 0.0], [-1.0, -2.6645352591003757e-15, 0.0], [0.0, 0.0, -1.0]], [0.0, 0.0, 0.247], [[2.6645352591003757e-15, -1.0, 0.0], [-1.0, -2.6645352591003757e-15, 0.0], [0.0, 0.0, -1.0]]], [0.018000000000000002, [0.0, 0.0, 0.097], [[0.2588190451025239, -0.9659258262890674, 0.0], [-0.9659258262890674, -0.2588190451025239, 0.0], [0.0, 0.0, -1.0]], [0.0, 0.0, 0.247], [[0.2588190451025239, -0.9659258262890674, 0.0], [-0.9659258262890674, -0.2588190451025239, 0.0], [0.0, 0.0, -1.0]]], [0.018000000000000002, [0.0, 0.0, 0.097], [[0.5000000000000024, -0.8660254037844372, 0.0], [-0.8660254037844372, -0.5000000000000024, 0.0], [0.0, 0.0, -1.0]], [0.0, 0.0, 0.247], [[0.5000000000000024, -0.8660254037844372, 0.0], [-0.8660254037844372, -0.5000000000000024, 0.0], [0.0, 0.0, -1.0]]], [0.018000000000000002, [0.0, 0.0, 0.097], [[0.7071067811865495, -0.7071067811865457, 0.0], [-0.7071067811865457, -0.7071067811865495, 0.0], [0.0, 0.0, -1.0]], [0.0, 0.0, 0.247], [[0.7071067811865495, -0.7071067811865457, 0.0], [-0.7071067811865457, -0.7071067811865495, 0.0], [0.0, 0.0, -1.0]]], [0.018000000000000002, [0.0, 0.0, 0.097], [[0.8660254037844403, -0.49999999999999734, 0.0], [-0.49999999999999734, -0.8660254037844403, 0.0], [0.0, 0.0, -1.0]], [0.0, 0.0, 0.247], [[0.8660254037844403, -0.49999999999999734, 0.0], [-0.49999999999999734, -0.8660254037844403, 0.0], [0.0, 0.0, -1.0]]], [0.018000000000000002, [0.0, 0.0, 0.097], [[0.9659258262890692, -0.25881904510251713, 0.0], [-0.25881904510251713, -0.9659258262890692, 0.0], [0.0, 0.0, -1.0]], [0.0, 0.0, 0.247], [[0.9659258262890692, -0.25881904510251713, 0.0], [-0.25881904510251713, -0.9659258262890692, 0.0], [0.0, 0.0, -1.0]]], [0.018000000000000002, [0.0, 0.0, 0.097], [[-1.0, -1.2246467991473532e-16, 0.0], [-1.2246467991473532e-16, 1.0, 0.0], [-0.0, 0.0, -1.0]], [0.0, 0.0, 0.247], [[-1.0, -1.2246467991473532e-16, 0.0], [-1.2246467991473532e-16, 1.0, 0.0], [0.0, 0.0, -1.0]]], [0.018000000000000002, [0.0, 0.0, 0.097], [[-0.9659258262890682, -0.258819045102521, 0.0], [-0.258819045102521, 0.9659258262890682, 0.0], [-0.0, 0.0, -1.0]], [0.0, 0.0, 0.247], [[-0.9659258262890682, -0.258819045102521, 0.0], [-0.258819045102521, 0.9659258262890682, 0.0], [0.0, 0.0, -1.0]]], [0.018000000000000002, [0.0, 0.0, 0.097], [[-0.8660254037844384, -0.5000000000000003, 0.0], [-0.5000000000000003, 0.8660254037844384, 0.0], [-0.0, 0.0, -1.0]], [0.0, 0.0, 0.247], [[-0.8660254037844384, -0.5000000000000003, 0.0], [-0.5000000000000003, 0.8660254037844384, 0.0], [0.0, 0.0, -1.0]]], [0.018000000000000002, [0.0, 0.0, 0.097], [[-0.7071067811865472, -0.707106781186548, 0.0], [-0.707106781186548, 0.7071067811865472, 0.0], [-0.0, 0.0, -1.0]], [0.0, 0.0, 0.247], [[-0.7071067811865472, -0.707106781186548, 0.0], [-0.707106781186548, 0.7071067811865472, 0.0], [0.0, 0.0, -1.0]]], [0.018000000000000002, [0.0, 0.0, 0.097], [[-0.49999999999999933, -0.866025403784439, 0.0], [-0.866025403784439, 0.49999999999999933, 0.0], [-0.0, 0.0, -1.0]], [0.0, 0.0, 0.247], [[-0.49999999999999933, -0.866025403784439, 0.0], [-0.866025403784439, 0.49999999999999933, 0.0], [0.0, 0.0, -1.0]]], [0.018000000000000002, [0.0, 0.0, 0.097], [[-0.25881904510252, -0.9659258262890685, 0.0], [-0.9659258262890685, 0.25881904510252, 0.0], [-0.0, 0.0, -1.0]], [0.0, 0.0, 0.247], [[-0.25881904510252, -0.9659258262890685, 0.0], [-0.9659258262890685, 0.25881904510252, 0.0], [0.0, 0.0, -1.0]]], [0.018000000000000002, [0.0, 0.0, 0.097], [[7.216449660063518e-16, -1.0, 0.0], [-1.0, -7.216449660063518e-16, 0.0], [0.0, 0.0, -1.0]], [0.0, 0.0, 0.247], [[7.216449660063518e-16, -1.0, 0.0], [-1.0, -7.216449660063518e-16, 0.0], [0.0, 0.0, -1.0]]], [0.018000000000000002, [0.0, 0.0, 0.097], [[0.25881904510252185, -0.965925826289068, 0.0], [-0.965925826289068, -0.25881904510252185, 0.0], [0.0, 0.0, -1.0]], [0.0, 0.0, 0.247], [[0.25881904510252185, -0.965925826289068, 0.0], [-0.965925826289068, -0.25881904510252185, 0.0], [0.0, 0.0, -1.0]]], [0.018000000000000002, [0.0, 0.0, 0.097], [[0.5000000000000011, -0.8660254037844382, 0.0], [-0.8660254037844382, -0.5000000000000011, 0.0], [0.0, 0.0, -1.0]], [0.0, 0.0, 0.247], [[0.5000000000000011, -0.8660254037844382, 0.0], [-0.8660254037844382, -0.5000000000000011, 0.0], [0.0, 0.0, -1.0]]], [0.018000000000000002, [0.0, 0.0, 0.097], [[0.7071067811865487, -0.7071067811865466, 0.0], [-0.7071067811865466, -0.7071067811865487, 0.0], [0.0, 0.0, -1.0]], [0.0, 0.0, 0.247], [[0.7071067811865487, -0.7071067811865466, 0.0], [-0.7071067811865466, -0.7071067811865487, 0.0], [0.0, 0.0, -1.0]]], [0.018000000000000002, [0.0, 0.0, 0.097], [[0.8660254037844395, -0.49999999999999856, 0.0], [-0.49999999999999856, -0.8660254037844395, 0.0], [0.0, 0.0, -1.0]], [0.0, 0.0, 0.247], [[0.8660254037844395, -0.49999999999999856, 0.0], [-0.49999999999999856, -0.8660254037844395, 0.0], [0.0, 0.0, -1.0]]], [0.018000000000000002, [0.0, 0.0, 0.097], [[0.9659258262890689, -0.2588190451025192, 0.0], [-0.2588190451025192, -0.9659258262890689, 0.0], [0.0, 0.0, -1.0]], [0.0, 0.0, 0.247], [[0.9659258262890689, -0.2588190451025192, 0.0], [-0.2588190451025192, -0.9659258262890689, 0.0], [0.0, 0.0, -1.0]]], [0.018000000000000002, [0.0, 0.0, 0.097], [[1.0, 1.7763568394002505e-15, 0.0], [1.7763568394002505e-15, -1.0, 0.0], [0.0, 0.0, -1.0]], [0.0, 0.0, 0.247], [[1.0, 1.7763568394002505e-15, 0.0], [1.7763568394002505e-15, -1.0, 0.0], [0.0, 0.0, -1.0]]], [0.018000000000000002, [0.0, 0.0, 0.097], [[0.9659258262890678, 0.2588190451025226, 0.0], [0.2588190451025226, -0.9659258262890678, 0.0], [0.0, 0.0, -1.0]], [0.0, 0.0, 0.247], [[0.9659258262890678, 0.2588190451025226, 0.0], [0.2588190451025226, -0.9659258262890678, 0.0], [0.0, 0.0, -1.0]]], [0.018000000000000002, [0.0, 0.0, 0.097], [[0.8660254037844376, 0.5000000000000018, 0.0], [0.5000000000000018, -0.8660254037844376, 0.0], [0.0, 0.0, -1.0]], [0.0, 0.0, 0.247], [[0.8660254037844376, 0.5000000000000018, 0.0], [0.5000000000000018, -0.8660254037844376, 0.0], [0.0, 0.0, -1.0]]], [0.018000000000000002, [0.0, 0.0, 0.097], [[0.707106781186546, 0.7071067811865491, 0.0], [0.7071067811865491, -0.707106781186546, 0.0], [0.0, 0.0, -1.0]], [0.0, 0.0, 0.247], [[0.707106781186546, 0.7071067811865491, 0.0], [0.7071067811865491, -0.707106781186546, 0.0], [0.0, 0.0, -1.0]]], [0.018000000000000002, [0.0, 0.0, 0.097], [[0.499999999999998, 0.8660254037844398, 0.0], [0.8660254037844398, -0.499999999999998, 0.0], [0.0, 0.0, -1.0]], [0.0, 0.0, 0.247], [[0.499999999999998, 0.8660254037844398, 0.0], [0.8660254037844398, -0.499999999999998, 0.0], [0.0, 0.0, -1.0]]], [0.018000000000000002, [0.0, 0.0, 0.097], [[0.25881904510251885, 0.965925826289069, 0.0], [0.965925826289069, -0.25881904510251885, 0.0], [0.0, 0.0, -1.0]], [0.0, 0.0, 0.247], [[0.25881904510251885, 0.965925826289069, 0.0], [0.965925826289069, -0.25881904510251885, 0.0], [0.0, 0.0, -1.0]]], [0.018000000000000002, [0.0, 0.0, 0.097], [[-2.6645352591003757e-15, 1.0, 0.0], [1.0, 2.6645352591003757e-15, 0.0], [0.0, 0.0, -1.0]], [0.0, 0.0, 0.247], [[-2.6645352591003757e-15, 1.0, 0.0], [1.0, 2.6645352591003757e-15, 0.0], [0.0, 0.0, -1.0]]], [0.018000000000000002, [0.0, 0.0, 0.097], [[-0.2588190451025239, 0.9659258262890674, 0.0], [0.9659258262890674, 0.2588190451025239, 0.0], [0.0, 0.0, -1.0]], [0.0, 0.0, 0.247], [[-0.2588190451025239, 0.9659258262890674, 0.0], [0.9659258262890674, 0.2588190451025239, 0.0], [0.0, 0.0, -1.0]]], [0.018000000000000002, [0.0, 0.0, 0.097], [[-0.5000000000000024, 0.8660254037844372, 0.0], [0.8660254037844372, 0.5000000000000024, 0.0], [0.0, 0.0, -1.0]], [0.0, 0.0, 0.247], [[-0.5000000000000024, 0.8660254037844372, 0.0], [0.8660254037844372, 0.5000000000000024, 0.0], [0.0, 0.0, -1.0]]], [0.018000000000000002, [0.0, 0.0, 0.097], [[-0.7071067811865495, 0.7071067811865457, 0.0], [0.7071067811865457, 0.7071067811865495, 0.0], [0.0, 0.0, -1.0]], [0.0, 0.0, 0.247], [[-0.7071067811865495, 0.7071067811865457, 0.0], [0.7071067811865457, 0.7071067811865495, 0.0], [0.0, 0.0, -1.0]]], [0.018000000000000002, [0.0, 0.0, 0.097], [[-0.8660254037844403, 0.49999999999999734, 0.0], [0.49999999999999734, 0.8660254037844403, 0.0], [0.0, 0.0, -1.0]], [0.0, 0.0, 0.247], [[-0.8660254037844403, 0.49999999999999734, 0.0], [0.49999999999999734, 0.8660254037844403, 0.0], [0.0, 0.0, -1.0]]], [0.018000000000000002, [0.0, 0.0, 0.097], [[-0.9659258262890692, 0.25881904510251713, 0.0], [0.25881904510251713, 0.9659258262890692, 0.0], [0.0, 0.0, -1.0]], [0.0, 0.0, 0.247], [[-0.9659258262890692, 0.25881904510251713, 0.0], [0.25881904510251713, 0.9659258262890692, 0.0], [0.0, 0.0, -1.0]]]]